0.0	0.0012208880543900236	6.026176071410472e-07
0.00600331998021117	-0.00020294794424124203	3.1360321455457223e-06
0.01200663996042234	-0.0007316257797757004	5.665987677070788e-06
0.01800995994063351	-0.0010007264789386144	8.366056272605185e-06
0.02401327992084468	-0.0013274489032150873	1.1770912657089413e-05
0.03001659990105585	-0.0017103445804397812	1.5870842940874256e-05
0.03601991988126702	-0.002147671531402976	2.0654007226977665e-05
0.04202323986147819	-0.002637403173713193	2.6106898928783594e-05
0.04802655984168936	-0.003177241164646762	3.221337015719728e-05
0.05402987982190053	-0.0037646281047202723	3.895563622857324e-05
0.0600331998021117	-0.004396761846055555	4.631443802704106e-05
0.06603651978232288	-0.0050706115699600905	5.4268400152173986e-05
0.07203983976253404	-0.00578293512119777	6.279504087833038e-05
0.07804315974274521	-0.006530297822286849	7.187076236968076e-05
0.08404647972295638	-0.007309091186489666	8.147050003870732e-05
0.09004979970316755	-0.008115554023981803	9.156805394663838e-05
0.09605311968337872	-0.008945794162277714	0.00010213565001767765
0.10205643966358989	-0.009795810119399954	0.0001131444268587193
0.10805975964380106	-0.010661513665849415	0.00012456509228852566
0.11406307962401223	-0.011538752802932985	0.00013636752410661453
0.1200663996042234	-0.012423335535511486	0.00014852087863742678
0.12606971958443458	-0.013311053477685006	0.00016099390635846604
0.13207303956464575	-0.014197705397523575	0.00017375496931005402
0.13807635954485692	-0.015079120642724191	0.0001867721380992243
0.1440796795250681	-0.015951181867953003	0.00020001347875766478
0.15008299950527926	-0.016809848227295053	0.00021344694368161284
0.15608631948549043	-0.017651178114111876	0.00022704059502965963
0.1620896394657016	-0.018471349834131484	0.00024076279573285748
0.16809295944591277	-0.019266682371098954	0.0002545822988643427
0.17409627942612393	-0.020033655392961227	0.0002684685079322093
0.1800995994063351	-0.020768927915818042	0.00028239094143901137
0.18610291938654627	-0.02146935591735717	0.0002963199993882568
0.19210623936675744	-0.02213200826112075	0.0003102272623355315
0.1981095593469686	-0.02275418180923186	0.0003240847047321317
0.20411287932717978	-0.02333341415921797	0.0003378655113709262
0.21011619930739095	-0.02386749593001304	0.00035154388773694055
0.21611951928760212	-0.024354481048177522	0.00036509504185992456
0.2221228392678133	-0.02479269434197353	0.0003784957166833181
0.22812615924802446	-0.025180738527580834	0.00039172363283233
0.23412947922823563	-0.02551749946869765	0.0004047577919065806
0.2401327992084468	-0.02580214916502798	0.0004175788269335304
0.24613611918865796	-0.026034146762693826	0.0004301684163675757
0.25213943916886916	-0.02621323820759011	0.00044250956977965293
0.2581427591490803	-0.026339453570841435	0.0004545869887398746
0.2641460791292915	-0.02641310268846566	0.000466386558278898
0.27014939910950264	-0.026434769596545872	0.00047789571826233924
0.27615271908971384	-0.026405304709866635	0.0004891037583206852
0.282156039069925	-0.02632581501901611	0.0005000013015955714
0.2881593590501362	-0.026197653472900484	0.0005105800760116554
0.2941626790303473	-0.026022406369030186	0.0005208333617587046
0.3001659990105585	-0.025801879237678765	0.0005307560269770493
0.30616931899076966	-0.025538081393140247	0.0005403441199774567
0.31217263897098085	-0.025233209549050173	0.0005495950053366061
0.318175958951192	-0.02488963032779383	0.0005585071631256759
0.3241792789314032	-0.024509860660272692	0.0005670804400747902
0.33018259891161433	-0.024096548637776105	0.0005753162035911571
0.33618591889182553	-0.023652453363348827	0.0005832165536719773
0.34218923887203667	-0.023180423680649223	0.0005907843739735713
0.34819255885224787	-0.022683376592408835	0.0005980238952910041
0.354195878832459	-0.022164275275276812	0.0006049402310737972
0.3601991988126702	-0.021626107410318687	0.0006115391895985672
0.36620251879288135	-0.02107186279692462	0.0006178276482943536
0.37220583877309255	-0.020504511624594574	0.0006238130202832586
0.3782091587533037	-0.019926982909611923	0.000629503154076505
0.3842124787335149	-0.019342142948029398	0.0006349064592431654
0.3902157987137261	-0.018752774268537428	0.0006400319070948395
0.3962191186939372	-0.018161555823428155	0.0006448890537272996
0.4022224386741484	-0.017571044545301853	0.0006494874475881963
0.40822575865435956	-0.01698365588551594	0.0006538368329522329
0.41422907863457076	-0.016401646582291776	0.0006579476640497031
0.4202323986147819	-0.01582709982861441	0.0006618300602522637
0.4262357185949931	-0.015261909580194855	0.0006654938805201044
0.43223903857520424	-0.014707767048216094	0.000668949562604812
0.43824235855541543	-0.014166149727187896	0.0006722073210111493
0.4442456785356266	-0.013638310468833292	0.0006752768266615333
0.4502489985158378	-0.013125268814762697	0.0006781678909679664
0.4562523184960489	-0.01262780444895796	0.0006808900847648028
0.4622556384762601	-0.012146451560728425	0.0006834523736285597
0.46825895845647125	-0.01168149571458249	0.0006858634248489218
0.47426227843668245	-0.011232972207173314	0.0006881316463507661
0.4802655984168936	-0.010800666176401769	0.0006902650776025657
0.4862689183971048	-0.010384114681748172	0.0006922710923525643
0.49227223837731593	-0.00998261067290139	0.0006941567309890068
0.4982755583575271	-0.00959520842839709	0.000695928390589802
0.5042788783377383	-0.009220730922538792	0.0006975918373995707
0.5102821983179494	-0.008857779694822973	0.0006991526559874395
0.5162855182981606	-0.008504744736598194	0.0007006155317289542
0.5222888382783718	-0.00815981678949422	0.0007019845366309022
0.528292158258583	-0.007821002424246201	0.0007032636265349168
0.5342954782387941	-0.0074861384948288895	0.0007044557898737147
0.5402987982190053	-0.007152908373013897	0.0007055634026151628
0.5463021181992165	-0.006818861013412517	0.0007065886026757159
0.5523054381794277	-0.006481429288055729	0.0007075328525060209
0.5583087581596388	-0.006137949865620426	0.0007083972305991088
0.56431207813985	-0.005785685069170904	0.0007091820578747424
0.5703153981200612	-0.005421843430985257	0.0007098873915317022
0.5763187181002724	-0.005043602234790584	0.0007105128790364651
0.5823220380804836	-0.00464813087573826	0.000711057417819537
0.5883253580606946	-0.0042326130851596255	0.0007115200918527825
0.5943286780409058	-0.003794270565758623	0.0007118994747586094
0.600331998021117	-0.003330386407489727	0.0007121935871373594
0.6063353180013282	-0.002838327535585522	0.000712400149473727
0.6123386379815393	-0.0023155680708729642	0.0007125168191141965
0.6183419579617505	-0.0017597120201724992	0.0007125413252235049
0.6243452779419617	-0.001168514390411518	0.0007124709921901978
0.6303485979221729	-0.0005399023673754721	0.0007123030924996998
0.636351917902384	0.00012800374147117766	0.0007120346602483008
0.6423552378825952	0.0008368716849873892	0.0007116627397118214
0.6483585578628064	0.0015881394219510458	0.000711184797222042
0.6543618778430176	0.002382997556766686	0.0007105981925379576
0.6603651978232287	0.0032223744027796986	0.0007099000040745734
0.6663685178034399	0.004106922081863695	0.0007090875876139269
0.6723718377836511	0.005037003301205656	0.0007081590032185225
0.6783751577638623	0.006012680746502103	0.0007071122231353255
0.6843784777440733	0.00703370894556557	0.0007059449244161409
0.6903817977242845	0.008099526497399534	0.0007046556838130741
0.6963851177044957	0.009209250006372682	0.0007032436542372469
0.7023884376847069	0.01036167205787672	0.0007017074766071801
0.708391757664918	0.011555259730568396	0.0007000463525213829
0.7143950776451292	0.012788153974457345	0.0006982605612423157
0.7203983976253404	0.014058173250016515	0.0006963503334141349
0.7264017176055516	0.015362819065555838	0.0006943159903912283
0.7324050375857627	0.016699281463308513	0.0006921586600391258
0.7384083575659739	0.018064447871830425	0.0006898799537499237
0.7444116775461851	0.019454914882247903	0.0006874819005562582
0.7504149975263963	0.020867000338685715	0.0006849668942258899
0.7564183175066074	0.022296757862884098	0.0006823376684513688
0.7624216374868186	0.023739993622092698	0.0006795977799888275
0.7684249574670298	0.02519228427937345	0.0006767510908686283
0.774428277447241	0.026648996965504823	0.0006738018350727418
0.7804315974274522	0.02810531049612766	0.0006707548132487626
0.7864349174076632	0.029556238317730466	0.0006676151838465733
0.7924382373878744	0.030996652864214852	0.0006643885722666595
0.7984415573680856	0.03242131063143615	0.0006610810944307037
0.8044448773482968	0.03382487840807741	0.0006576990987561676
0.8104481973285079	0.035201960493268875	0.0006542494328330567
0.8164515173087191	0.03654712747940886	0.0006507395263658337
0.8224548372889303	0.03785494451886515	0.0006471767436958265
0.8284581572691415	0.039120000006660535	0.0006435688799208382
0.8344614772493526	0.040336935565389656	0.0006399241210594334
0.8404647972295638	0.04150047503507033	0.0006362509307263169
0.846468117209775	0.04260545428866373	0.0006325579797359301
0.8524714371899862	0.043646850581865404	0.000628853877878012
0.8584747571701973	0.044619810583435324	0.0006251477338539944
0.8644780771504085	0.04551967913807299	0.0006214488358875364
0.8704813971306197	0.0463420266102343	0.0006177661710109819
0.8764847171108309	0.047082675843600055	0.000614108977478392
0.882488037091042	0.04773772723471123	0.0006104866320360662
0.8884913570712532	0.0483035826027572	0.0006069084480444104
0.8944946770514643	0.04877696935922289	0.000603383707234454
0.9004979970316755	0.04915496100849799	0.0005999211857849809
0.9065013170118866	0.049434996776612505	0.0005965299920109909
0.9125046369920978	0.049614900155463174	0.0005932192052322937
0.918507956972309	0.04969289522603247	0.0005899970346040697
0.9245112769525202	0.049667620473999294	0.0005868718625624339
0.9305145969327313	0.049538140486772075	0.0005838518162922662
0.9365179169129425	0.04930395632691002	0.0005809444325471126
0.9425212368931537	0.04896501351037995	0.0005781570110929704
0.9485245568733649	0.04852170725704326	0.0005754964212861344
0.954527876853576	0.047974885424357364	0.0005729690650472345
0.9605311968337872	0.04732584933941576	0.0005705808314271925
0.9665345168139984	0.0465763518356425	0.0005683371083029351
0.9725378367942096	0.045728593997747785	0.0005662425927114843
0.9785411567744208	0.04478521891119912	0.000564301462687505
0.9845444767546319	0.04374930209568145	0.0005625174168563795
0.9905477967348431	0.04262434081582986	0.0005608932499529071
0.9965511167150543	0.0414142411655684	0.0005594311863733646
1.0025544366952654	0.040123302826277144	0.000558132728384092
1.0085577566754766	0.03875620110271358	0.0005569983451476287
1.0145610766556878	0.037317967122850904	0.0005560281043141156
1.0205643966358988	0.03581396739233217	0.000555221434082191
1.02656771661611	0.03424987947910888	0.0005545766357769131
1.0325710365963212	0.03263166719744072	0.0005540911585869383
1.0385743565765324	0.03096555506531839	0.0005537617642706865
1.0445776765567436	0.029257998885342577	0.0005535845488778297
1.0505809965369548	0.02751565695370093	0.000553554886604574
1.056584316517166	0.02574536047882186	0.0005536669796175984
1.0625876364973772	0.023954081204877395	0.0005539144296957121
1.0685909564775882	0.022148899527699453	0.0005542901615112252
1.0745942764577994	0.02033697242202632	0.000554786042823224
1.0805975964380106	0.018525499060234686	0.0005553937572128805
1.0866009164182218	0.016721687144482987	0.0005561039822807486
1.092604236398433	0.014932720510709062	0.0005569065928180163
1.0986075563786442	0.013165724661471874	0.0005577910377202976
1.1046108763588554	0.01142773311858012	0.0005587460255536587
1.1106141963390666	0.00972565496504512	0.0005597601810640902
1.1166175163192775	0.008066241596227482	0.0005608213891804097
1.1226208362994887	0.006456055869395256	0.0005619167751740803
1.1286241562797	0.004901441223781982	0.0005630335046746919
1.1346274762599111	0.0034084910792305002	0.0005641586204780877
1.1406307962401223	0.0019830207417488935	0.0005652784758198373
1.1466341162203335	0.000630540643969486	0.0005663794098868143
1.1526374362005447	-0.0006437696216144134	0.0005674481369339103
1.158640756180756	-0.0018350861152354476	0.0005684708043133986
1.164644076160967	-0.002938962343521684	0.0005694336437052153
1.170647396141178	-0.003951349550891611	0.0005703235138757486
1.1766507161213893	-0.004868615672272753	0.0005711272194910029
1.1826540361016005	-0.005687561816047772	0.0005718317495025417
1.1886573560818117	-0.006405436734965622	0.0005724245499007206
1.1946606760620229	-0.007019949202565823	0.0005728936461811517
1.200663996042234	-0.007529277668448573	0.0005732276902677171
1.2066673160224453	-0.007932078079341053	0.0005734158249074452
1.2126706360026565	-0.008227489602118023	0.0005734478732997081
1.2186739559828674	-0.008415137367587856	0.0005733143705762243
1.2246772759630786	-0.008495133288605919	0.0005730067632743543
1.2306805959432898	-0.008468074377886079	0.0005725175667384043
1.236683915923501	-0.008335038763745278	0.0005718401165406041
1.2426872359037122	-0.008097579226178375	0.0005709686827621643
1.2486905558839234	-0.007757714895559962	0.0005698986678928583
1.2546938758641346	-0.007317920591070622	0.0005686266911598299
1.2606971958443458	-0.006781113033562623	0.0005671504478199432
1.2667005158245568	-0.006150636203737764	0.0005654687663609534
1.272703835804768	-0.005430244915664809	0.0005635819306864694
1.2787071557849792	-0.004624084914335726	0.0005614913565639319
1.2847104757651904	-0.0037366717254385742	0.0005591998543089984
1.2907137957454016	-0.0027728688990822994	0.0005567114836182718
1.2967171157256128	-0.0017378636461492306	0.0005540313092519816
1.302720435705824	-0.0006371408561277256	0.0005511659114055337
1.3087237556860352	0.0005235441532805835	0.0005481232675059837
1.3147270756662461	0.0017381936379514545	0.0005449126840022245
1.3207303956464573	0.003000596231171229	0.0005415445551952836
1.3267337156266685	0.004304358038535475	0.0005380304645625257
1.3327370356068797	0.00564293343770432	0.0005343832981287606
1.338740355587091	0.007009656347487507	0.0005306171500251526
1.3447436755673021	0.008397772567944571	0.0005267469789053125
1.3507469955475133	0.009800472079155395	0.0005227890043455405
1.3567503155277245	0.011210921808225444	0.0005187608873214802
1.3627536355079357	0.012622297467637003	0.000514680572916898
1.3687569554881467	0.014027816213023375	0.0005105669445295558
1.3747602754683579	0.015420768544939928	0.0005064399100322796
1.380763595448569	0.016794549318694438	0.0005023201487002193
1.3867669154287803	0.018142688984459712	0.0004982292303708918
1.3927702354089915	0.019458882807443206	0.0004941888600817762
1.3987735553892027	0.020737019625620648	0.0004902211919618066
1.4047768753694139	0.021971210116284584	0.00048634912281809994
1.410780195349625	0.023155813006972684	0.0004825958224832644
1.416783515329836	0.024285460135256814	0.00047898454382037936
1.4227868353100472	0.025355079849962603	0.0004755387014245202
1.4287901552902584	0.026359918534395288	0.00047228170625146504
1.4347934752704696	0.027295561597061035	0.0004692370049620975
1.4407967952506808	0.02815795136562292	0.0004664276538196982
1.446800115230892	0.028943403305143542	0.00046387639856822205
1.4528034352111032	0.029648620910716544	0.0004616060262258234
1.4588067551913144	0.030270707253762325	0.00045963845992902375
1.4648100751715254	0.030807175838168027	0.0004579952029642037
1.4708133951517366	0.03125595879140297	0.00045669709861603097
1.4768167151319478	0.03161541202255176	0.0004557636302878684
1.482820035112159	0.03188431986723611	0.0004552138805093142
1.4888233550923702	0.032061896227012415	0.0004550662321590321
1.4948266750725814	0.032147783141123196	0.0004553375632763354
1.5008299950527926	0.0321420487454865	0.0004560433604779493
1.5068333150330038	0.032045182263075025	0.00045719825416704746
1.5128366350132147	0.03185808657785412	0.0004588152797727202
1.518839954993426	0.03158206886428984	0.00046090585124591854
1.5248432749736371	0.031218829760134598	0.00046348031558123004
1.5308465949538483	0.030770450269100524	0.0004665470714289646
1.5368499149340595	0.030239376892224917	0.00047011290181116216
1.5428532349142707	0.029628405013084558	0.00047418286168280505
1.548856554894482	0.028940660342815866	0.00047876009570938655
1.5548598748746931	0.028179579485333853	0.00048384582546198707
1.5608631948549043	0.027348888702418514	0.0004894390851810579
1.5668665148351153	0.026452581982573525	0.0004955375674491128
1.5728698348153265	0.025494897023522242	0.0005021368724798664
1.5788731547955377	0.0244802908917076	0.000509229901872417
1.584876474775749	0.02341341516499104	0.0005168080742615141
1.59087979475596	0.022299088993487287	0.0005248607224705576
1.5968831147361713	0.02114227324743438	0.0005333744245062735
1.6028864347163825	0.019948044026809844	0.0005423341710778379
1.6088897546965937	0.018721564863615328	0.0005517232229339253
1.6148930746768047	0.017468059695584945	0.0005615223327739144
1.6208963946570158	0.01619278590589289	0.0005717102666385962
1.626899714637227	0.014901007174401848	0.0005822637947378168
1.6329030346174382	0.01359796728839413	0.0005931576307774133
1.6389063545976494	0.012288864050895104	0.000604364843493202
1.6449096745778606	0.01097882375781542	0.0006158566229787013
1.6509129945580718	0.009672876831463673	0.0006276026206678206
1.656916314538283	0.00837593411105933	0.0006395706463890177
1.662919634518494	0.007092764448171973	0.0006517266171894437
1.6689229544987052	0.005827973324526697	0.0006640353992707279
1.6749262744789164	0.004585982211043643	0.0006764604863118209
1.6809295944591276	0.0033710097336926426	0.0006889641030854883
1.6869329144393388	0.002187054971505481	0.0007015074043431151
1.69293623441955	0.0010378812241814972	0.0007140505034683685
1.6989395543997612	-7.299870879076686e-05	0.0007265527615041775
1.7049428743799724	-0.0011423346355960984	0.0007389729245885178
1.7109461943601834	-0.002167150348646979	0.0007512693338437362
1.7169495143403946	-0.003144752849940119	0.0007633997709532818
1.7229528343206058	-0.0040727394736762845	0.0007753217352930476
1.728956154300817	-0.004949004276561003	0.0007869931179553084
1.7349594742810281	-0.005771741829346838	0.0007983719445253702
1.7409627942612393	-0.006539449272827874	0.0008094160557254731
1.7469661142414505	-0.007250927232341109	0.0008200842548502507
1.7529694342216617	-0.007905278510225294	0.0008303364011240932
1.758972754201873	-0.008501905244291508	0.000840132540036384
1.764976074182084	-0.009040504590044518	0.000849433807606749
1.770979394162295	-0.009521062483293846	0.0008582028783939155
1.7769827141425063	-0.00994384651479227	0.000866404041179096
1.7829860341227175	-0.01030939703068473	0.0008740030689226158
1.7889893541029287	-0.010618516151713747	0.0008809666583543263
1.79499267408314	-0.010872256981977912	0.0008872641988022269
1.800995994063351	-0.011071910979284255	0.0008928673238084509
1.8069993140435623	-0.011218993733072669	0.000897749019704212
1.8130026340237733	-0.011315230409738752	0.0009018851224152618
1.8190059540039845	-0.011362540265957677	0.0009052539951341729
1.8250092739841957	-0.011363020414190877	0.0009078364581932667
1.8310125939644069	-0.01131892857846184	0.000909616002402875
1.837015913944618	-0.011232665628506278	0.0009105789068987076
1.8430192339248292	-0.011106757876398032	0.0009107142310682687
1.8490225539050404	-0.010943838870403289	0.0009100141413492333
1.8550258738852516	-0.010746630841204724	0.0009084738820545838
1.8610291938654626	-0.010517926591439658	0.000906091414656242
1.8670325138456738	-0.010260570874855157	0.0009028681663247502
1.873035833825885	-0.009977442092847927	0.0008988088105332951
1.8790391538060962	-0.009671434532060652	0.0008939205797966893
1.8850424737863074	-0.00934544091918943	0.0008882141674401811
1.8910457937665186	-0.009002335334843459	0.0008817037498260014
1.8970491137467298	-0.008644956357975214	0.0008744061602739116
1.903052433726941	-0.008276091660786994	0.000866341773038489
1.909055753707152	-0.007898462717882498	0.0008575342185997817
1.9150590736873632	-0.007514710666459062	0.00084801017084131
1.9210623936675744	-0.00712738306969922	0.0008377995579331109
1.9270657136477856	-0.006738921424603542	0.0008269348146814545
1.9330690336279968	-0.006351650473124665	0.0008154513117902933
1.939072353608208	-0.0059677671150691475	0.0008033873052274631
1.9450756735884192	-0.005589331503066869	0.0007907831352956382
1.9510789935686303	-0.005218259761740132	0.0007776815379154948
1.9570823135488415	-0.00485631629300666	0.000764127538857266
1.9630856335290525	-0.004505108739832786	0.0007501679951571185
1.9690889535092637	-0.004166083543359678	0.0007358518649625964
1.975092273489475	-0.003840522730393564	0.0007212298919683814
1.9810955934696861	-0.0035295424254800645	0.0007063541971069672
1.9870989134498973	-0.003234091866378616	0.0006912784444572679
1.9931022334301085	-0.0029549539285504134	0.0006760574756591031
1.9991055534103197	-0.002692746893208142	0.0006607470620686763
2.005108873390531	-0.002447927422890822	0.0006454040734733442
2.011112193370742	-0.0022207943933993113	0.0006300855873981378
2.0171155133509533	-0.00201149372074326	0.0006148488935265404
2.0231188333311643	-0.0018200243558996743	0.000599752113092154
2.0291221533113757	-0.0016462453030201551	0.0005848529055156714
2.0351254732915867	-0.0014898835077616357	0.0005702083449351004
2.0411287932717976	-0.0013505420033335658	0.0005558754012059929
2.047132113252009	-0.0012277088615776227	0.000541910186564144
2.05313543323222	-0.0011207679121572611	0.000528367793832963
2.0591387532124314	-0.00102900891966691	0.0005153021293410644
2.0651420731926424	-0.0009516380040869854	0.0005027657389405568
2.071145393172854	-0.0008877889998422095	0.0004908095093225061
2.077148713153065	-0.0008365354667934088	0.00047948234145668914
2.083152033133276	-0.0007969025885134068	0.0004688312220604181
2.089155353113487	-0.0007678780022216392	0.0004589009090809719
2.095158673093698	-0.0007484243877151353	0.000449733576062622
2.1011619930739096	-0.0007374915014610323	0.0004413687718614577
2.1071653130541206	-0.0007340270826119988	0.00043384340668716284
2.113168633034332	-0.0007369888186218726	0.0004271913178835948
2.119171953014543	-0.0007453553737706148	0.00042144308875618
2.1251752729947544	-0.0007581364180068995	0.0004166263025541829
2.1311785929749654	-0.0007743831530435258	0.00041276515282857515
2.1371819129551763	-0.0007931981435725793	0.00040988024271639
2.1431852329353878	-0.000813743650383135	0.0004079887648891396
2.1491885529155987	-0.0008352502622529789	0.00040710434921360783
2.15519187289581	-0.0008570239909363939	0.00040723691473381826
2.161195192876021	-0.0008784528549539775	0.00040839279360275343
2.1671985128562326	-0.0008990134650617224	0.0004105747876719662
2.1732018328364435	-0.0009182751834603056	0.0004137818236395613
2.179205152816655	-0.0009359039802694022	0.00041800930455753935
2.185208472796866	-0.0009516652367392506	0.0004232491170956011
2.191211792777077	-0.0009654267410335454	0.0004294892771768248
2.1972151127572883	-0.0009771593231335668	0.0004367144027853029
2.2032184327374993	-0.0009869358354506128	0.00044490574242196657
2.2092217527177107	-0.0009949314606836485	0.00045404085759300633
2.2152250726979217	-0.0010014211500210118	0.00046409383432401835
2.221228392678133	-0.0010067766662588337	0.00047503577848640247
2.227231712658344	-0.0010114629053239524	0.0004868345627880577
2.233235032638555	-0.0010160327492204635	0.0004994546640695319
2.2392383526187665	-0.0010211215416219416	0.000512857735464875
2.2452416725989774	-0.0010274405440282401	0.0005270026519219942
2.251244992579189	-0.0010357695841398604	0.000541845355852548
2.2572483125594	-0.001046948777267128	0.000557339257963127
2.2632516325396113	-0.0010618700083300202	0.0005734354763710231
2.2692549525198222	-0.001081467787298087	0.0005900829484278905
2.2752582725000337	-0.001106708901534581	0.0006072285223534396
2.2812615924802446	-0.0011385819117951945	0.0006248170914540524
2.2872649124604556	-0.0011780873387597316	0.000642792058561735
2.293268232440667	-0.0012262262006411638	0.0006610953156841251
2.299271552420878	-0.0012839881143512366	0.0006796675987362361
2.3052748724010894	-0.0013523409623244723	0.0006984487926099403
2.3112781923813004	-0.0014322191177476482	0.0007173779230730745
2.317281512361512	-0.0015245117401364472	0.0007363934730628963
2.323284832341723	-0.0016300523650208303	0.0007554336334723855
2.329288152321934	-0.0017496073661063634	0.0007744367723196768
2.335291472302145	-0.0018838649832412712	0.0007933414798202629
2.341294792282356	-0.002033425942709224	0.000812086579660129
2.3472981122625676	-0.0021987934147782474	0.0008306114624913319
2.3533014322427785	-0.0023803632473055076	0.0008488567751330015
2.35930475222299	-0.0025784159181913187	0.0008667643028089714
2.365308072203201	-0.002793108514854951	0.0008842768330356784
2.3713113921834124	-0.003024467520548805	0.000901339096231836
2.3773147121636233	-0.003272382595232326	0.0009178977365438198
2.3833180321438343	-0.0035366015611948062	0.0009339011027641661
2.3893213521240457	-0.003816725714300792	0.0009492998048140633
2.3953246721042567	-0.004112205996361799	0.0009640472628250005
2.401327992084468	-0.004422341700526317	0.000978099421151929
2.407331312064679	-0.004746278299720172	0.0009914150456848472
2.4133346320448905	-0.005083007348033568	0.0010039560894197705
2.4193379520251015	-0.005431368638834741	0.0010156872933500746
2.425341272005313	-0.005790050959537246	0.0010265769928744367
2.431344591985524	-0.006157595408786444	0.001036597009717137
2.437347911965735	-0.006532400833266644	0.0010457222897607074
2.4433512319459463	-0.006912729001606235	0.0010539313588680752
2.4493545519261573	-0.0072967105445732525	0.001061206530440388
2.4553578719063687	-0.00768235316782246	0.0010675337000661742
2.4613611918865796	-0.008067550756124184	0.0010729022192559542
2.467364511866791	-0.008450092420249009	0.0010773051830914107
2.473367831847002	-0.008827673870323682	0.0010807394016830105
2.479371151827213	-0.009197909167110753	0.0010832054589186221
2.4853744718074244	-0.00955834284167642	0.001084707432070231
2.4913777917876354	-0.00990646311823163	0.0010852530358865103
2.497381111767847	-0.010239716259965573	0.0010848536294058853
2.503384431748058	-0.010555521646161435	0.0010835239768019825
2.5093877517282692	-0.01085128628869117	0.0010812821587597582
2.51539107170848	-0.011124420625569932	0.0010781496626342674
2.5213943916886916	-0.01137235519441572	0.0010741512464450959
2.5273977116689026	-0.011592556785105415	0.0010693145656718792
2.5334010316491136	-0.011782544411685483	0.001063670241023891
2.539404351629325	-0.011939906640759251	0.0010572515530474155
2.545407671609536	-0.012062318179671974	0.001050094536777929
2.5514109915897474	-0.012147555841672888	0.0010422378645661978
2.5574143115699584	-0.012193515324144713	0.001033722092587272
2.5634176315501698	-0.01219822711725313	0.001024589907562011
2.5694209515303807	-0.012159872134731409	0.00101488614267152
2.575424271510592	-0.012076796120942063	0.001004656987757875
2.581427591490803	-0.01194752414520013	0.0009939504571792879
2.587430911471014	-0.011770774907394768	0.0009828159452348884
2.5934342314512255	-0.01154547281243988	0.0009713032863671936
2.5994375514314365	-0.01127075971583169	0.0009594633136951122
2.605440871411648	-0.010946005999939265	0.0009473478885853731
2.611444191391859	-0.010570820357333949	0.0009350091535601512
2.6174475113720703	-0.010145058241815275	0.0009224989616751778
2.6234508313522813	-0.00966882880745723	0.0009098694206639349
2.6294541513324923	-0.009142501298499986	0.0008971724914808507
2.6354574713127037	-0.008566709519276822	0.0008844592251108022
2.6414607912929147	-0.00794235503238952	0.0008717802423313312
2.647464111273126	-0.007270609106875298	0.0008591851630243702
2.653467431253337	-0.006552912274767661	0.0008467223630146889
2.6594707512335485	-0.005790973615512493	0.000834439071691416
2.6654740712137595	-0.004986768141113568	0.0008223807460712093
2.671477391193971	-0.004142531558029239	0.0008105913074086257
2.677480711174182	-0.0032607547585390834	0.0007991129315704781
2.683484031154393	-0.002344176660640393	0.0007879853377930554
2.6894873511346042	-0.0013957745954913808	0.0007772464687012468
2.695490671114815	-0.00041875429273829923	0.0007669322136401591
2.7014939910950266	0.0005834622131046102	0.0007570755411072938
2.7074973110752376	0.00160725058100894	0.0007477067543203639
2.713500631055449	0.002648798124924176	0.0007388540661805373
2.71950395103566	0.0037041197195350067	0.0007305429635261068
2.7255072710158714	0.004769075536117398	0.000722795521378515
2.7315105909960824	0.00583938927865206	0.0007156315561602164
2.7375139109762934	0.006910667439770174	0.0007090682328779671
2.743517230956505	0.007978419459365116	0.0007031192214163318
2.7495205509367158	0.009038079036987473	0.000697795377182682
2.755523870916927	0.010085026370073205	0.0006931051328001002
2.761527190897138	0.011114609900673214	0.0006890540632751782
2.7675305108773496	0.012122169320897352	0.0006856445648195618
2.7735338308575606	0.013103059626383293	0.0006828765204891923
2.7795371508377715	0.01405267419746127	0.0006807472493174337
2.785540470817983	0.014966468342761718	0.0006792511100061523
2.791543790798194	0.01583998306452264	0.0006783803481541402
2.7975471107784053	0.016668868424383337	0.0006781248487056669
2.8035504307586163	0.017448907138816	0.0006784718946291311
2.8095537507388277	0.018176036885092325	0.0006794066364465105
2.8155570707190387	0.018846372570420072	0.0006809120394169199
2.82156039069925	0.019456228066482492	0.0006829695077454415
2.827563710679461	0.020002136641591103	0.0006855586442104725
2.833567030659672	0.020480871025655767	0.0006886568430315328
2.8395703506398835	0.020889461783167196	0.0006922400993234108
2.8455736706200945	0.021225214945068613	0.0006962832768879455
2.851576990600306	0.02148572873119503	0.0007007598160905827
2.857580310580517	0.021668908118305824	0.0007056418157087053
2.8635836305607283	0.0217729779724406	0.0007109004541734319
2.8695869505409393	0.021796495436111674	0.0007165061930513913
2.8755902705211502	0.021738360184389433	0.0007224286302678039
2.8815935905013617	0.021597823069690464	0.0007286369621591487
2.8875969104815726	0.021374492870109604	0.0007351000812080323
2.893600230461784	0.021068341500575002	0.00074178631674705
2.899603550441995	0.020679707275507428	0.0007486640620616922
2.9056068704222064	0.020209295986440737	0.0007557018984120454
2.9116101904024174	0.019658181299664956	0.0007628685552797682
2.917613510382629	0.019027802047149697	0.0007701331844748973
2.92361683036284	0.018319957698118686	0.000777465352892027
2.929620150343051	0.01753680285551494	0.00078483533198057
2.935623470323262	0.01668083948395141	0.0007922142649230187
2.941626790303473	0.015754906945021588	0.0007995741531206264
2.9476301102836846	0.014762170805297709	0.000806888095603957
2.9536334302638956	0.013706109981320796	0.0008141302523285209
2.959636750244107	0.012590501913170724	0.0008212762359662134
2.965640070224318	0.011419406181829198	0.0008283030428976269
2.9716433902045294	0.010197146954030512	0.000835188674039632
2.9776467101847404	0.008928294226066488	0.0008419128391205905
2.9836500301649513	0.0076176431047923765	0.0008484571674439939
2.9896533501451628	0.0025805032606324996	0.0008311067154800214
2.9956566701253737	-0.00999681259740752	0.0007696842498267614
