0.0	-0.0012207540174231646	4.608793591093233e-11
0.00600331998021117	5.2586296938531626e-05	2.0841256046811712e-11
0.01200663996042234	0.00037117171670688877	-5.0130364028933644e-12
0.01800995994063351	0.0003714917593717306	-3.5002821237324416e-12
0.02401327992084468	0.0003719443088773397	-6.563188390127053e-12
0.03001659990105585	0.00037256402037303624	7.994875693811152e-12
0.03601991988126702	0.00037338091435413226	1.011615427306835e-11
0.04202323986147819	0.0003744255102682406	-9.155432751002293e-12
0.04802655984168936	0.0003757287336895686	7.844751809437481e-13
0.05402987982190053	0.00037732050199584485	3.4395280657038653e-12
0.0600331998021117	0.00037922885849639074	-4.758369051892927e-12
0.06603651978232288	0.00038148101153159017	1.902526113524813e-12
0.07203983976253404	0.00038410271785265925	2.822867647464384e-12
0.07804315974274521	0.00038711796293848554	-1.89376539605255e-12
0.08404647972295638	0.00039055079952669087	4.02013345324939e-13
0.09004979970316755	0.00039442270786320746	-2.878922873218351e-12
0.09605311968337872	0.00039875303628014974	-6.501107243212721e-14
0.10205643966358989	0.0004035612289142586	-2.064102002681094e-12
0.10805975964380106	0.0004088638025931965	-8.91025430708688e-12
0.11406307962401223	0.00041467482172392097	7.76121128788545e-12
0.1200663996042234	0.0004210081381548238	1.1540997041411069e-11
0.12606971958443458	0.0004278757964017747	2.9727018065499217e-12
0.13207303956464575	0.00043528654739439696	-1.7895430773586633e-12
0.13807635954485692	0.00044324787202856624	-1.1095654854500869e-11
0.1440796795250681	0.00045176638105865396	-4.657512771641974e-12
0.15008299950527926	0.00046084585954580355	5.747936984087231e-12
0.15608631948549043	0.0004704881463508197	1.9078472449733937e-12
0.1620896394657016	0.0004806939537771735	3.0837163027840205e-12
0.16809295944591277	0.0004914618769632289	-2.0927246401404876e-12
0.17409627942612393	0.0005027886799556709	-7.760674307517434e-12
0.1800995994063351	0.0005146693068336268	2.643146847552049e-12
0.18610291938654627	0.0005270971620014962	2.2888572388550083e-12
0.19210623936675744	0.0005400642607806911	6.535084725957165e-12
0.1981095593469686	0.0005535606682876707	1.0849199384763825e-13
0.20411287932717978	0.0005675751866168694	-1.2304219497669483e-11
0.21011619930739095	0.0005820948157402349	8.42041510010917e-12
0.21611951928760212	0.0005971055755629919	7.202376121539923e-12
0.2221228392678133	0.0006125926354711864	-1.150600832179756e-11
0.22812615924802446	0.000628539197595976	-6.486167376208995e-13
0.23412947922823563	0.0006449275786183746	-3.3039781427914384e-12
0.2401327992084468	0.0006617392771641108	-6.225535820043729e-12
0.24613611918865796	0.0006789547245607836	1.3065948676746254e-11
0.25213943916886916	0.0006965536446336441	1.1982037566717999e-11
0.2581427591490803	0.000714515146121442	-4.789703205731904e-12
0.2641460791292915	0.0007328177051481831	-3.0816246644451195e-12
0.27014939910950264	0.000751439278015487	4.705042414550855e-12
0.27615271908971384	0.0007703568701459239	-1.2431402527263032e-11
0.282156039069925	0.0007895478535359293	-7.822264254088896e-12
0.2881593590501362	0.000808989681610299	1.652977410908304e-11
0.2941626790303473	0.0008286586654240001	2.8077970074697383e-12
0.3001659990105585	0.0008485318622660949	-1.3498364075218003e-11
0.30616931899076966	0.0008685863949025908	3.4257635946845945e-12
0.31217263897098085	0.0008887992637935938	4.669967498946643e-12
0.318175958951192	0.0009091478926475452	-8.124165485137483e-12
0.3241792789314032	0.0009296100263483133	3.079560471497791e-12
0.33018259891161433	0.0009501639229364638	7.352730111587467e-12
0.33618591889182553	0.0009707881474361885	-3.091448863056848e-12
0.34218923887203667	0.0009914620869774272	-6.245992556081148e-13
0.34819255885224787	0.0010121657346678116	5.597271643721106e-12
0.354195878832459	0.001032879600288094	-3.191634085088312e-12
0.3601991988126702	0.0010535848216759146	-8.840516162266327e-12
0.36620251879288135	0.0010742637651712482	-3.506467181573967e-12
0.37220583877309255	0.0010948995369316865	6.360871130738213e-12
0.3782091587533037	0.0011154760097955019	7.174591996752147e-12
0.3842124787335149	0.0011359780726817453	-2.845700195974225e-12
0.3902157987137261	0.001156391239065857	1.1114117207121e-12
0.3962191186939372	0.0011767023843036947	-3.5990346783735307e-12
0.4022224386741484	0.0011968992138462337	-1.3117127608377218e-11
0.40822575865435956	0.0012169704906847614	1.1736327814261323e-11
0.41422907863457076	0.0012369058357044604	1.7189950128314726e-11
0.4202323986147819	0.001256695753374705	-8.016591673500791e-12
0.4262357185949931	0.0012763321762395974	-1.3505890987081195e-11
0.43223903857520424	0.0012958072610454799	-8.154793042074744e-12
0.43824235855541543	0.0013151145537025066	4.542625623739212e-12
0.4442456785356266	0.0013342489588398648	1.5388206552172252e-11
0.4502489985158378	0.0013532054026018578	8.17484847125584e-12
0.4562523184960489	0.0013719797633348699	9.032224505950221e-14
0.4622556384762601	0.0013905690861061304	-9.561857364084322e-12
0.46825895845647125	0.0014089713479271543	-1.6182384874837495e-11
0.47426227843668245	0.0014271847965184395	3.735164137505208e-12
0.4802655984168936	0.001445208244798206	1.7761985334438473e-11
0.4862689183971048	0.0014630414170289097	-3.3259939441890496e-12
0.49227223837731593	0.001480684418203801	-9.243754416883954e-12
0.4982755583575271	0.0014981384603446612	2.9174226884817206e-12
0.5042788783377383	0.0015154047543130822	-1.935937149673484e-12
0.5102821983179494	0.0015324840758976777	-2.427731595261927e-12
0.5162855182981606	0.0015493786086420575	8.779263110817932e-12
0.5222888382783718	0.0015660907813744712	5.2745682354897354e-12
0.528292158258583	0.0015826227670814874	-1.6476269006374272e-11
0.5342954782387941	0.001598977225746645	3.7136021287820364e-12
0.5402987982190053	0.0016151566042161558	1.38740072458525e-11
0.5463021181992165	0.0016311635340749142	-1.5148959579931543e-11
0.5523054381794277	0.001647001089607844	-1.5893133566435725e-12
0.5583087581596388	0.00166267174118305	1.0688724031709924e-11
0.56431207813985	0.0016781775859255749	5.829085665015929e-13
0.5703153981200612	0.0016935212942161132	-1.0856929125459082e-12
0.5763187181002724	0.0017087050686966643	-5.275482564907401e-12
0.5823220380804836	0.0017237306221627863	-2.8504332819150593e-12
0.5883253580606946	0.0017385996626496508	4.35870424783324e-12
0.5943286780409058	0.0017533136601714655	-5.004367158254635e-12
0.600331998021117	0.0017678735611779683	-5.047986020452683e-12
0.6063353180013282	0.0017822799823367513	8.459072407570548e-12
0.6123386379815393	0.0017965332828027702	8.834583771456314e-12
0.6183419579617505	0.001810633255447544	1.1891025682395905e-12
0.6243452779419617	0.0018245793861221965	-7.188356068779834e-12
0.6303485979221729	0.001838370854862062	-8.047259263791872e-12
0.636351917902384	0.0018520063315025925	-1.1790696364804436e-13
0.6423552378825952	0.001865483747226157	9.11749132625267e-12
0.6483585578628064	0.0018788010416770223	5.456408042979366e-12
0.6543618778430176	0.001891955782265753	-7.309278180457538e-12
0.6603651978232287	0.001904944866241834	-7.0867814480468245e-12
0.6663685178034399	0.001917764991419657	-3.0818710398452706e-12
0.6723718377836511	0.0019304123012902075	1.0459845582237343e-11
0.6783751577638623	0.0019428827151803663	9.753262706003968e-12
0.6843784777440733	0.0019551721812379463	-1.3616004037334714e-11
0.6903817977242845	0.001967275934466925	-4.0035804353847175e-12
0.6963851177044957	0.0019791888738492636	6.851101765823049e-12
0.7023884376847069	0.0019909061677198803	3.628418292253651e-13
0.708391757664918	0.0020024226820096885	3.322227684661448e-12
0.7143950776451292	0.002013732789084108	1.258311387307042e-12
0.7203983976253404	0.0020248310516126633	3.947969528876242e-13
0.7264017176055516	0.002035712236903811	-1.1553729325409394e-12
0.7324050375857627	0.0020463704945462707	-4.20379576695493e-12
0.7384083575659739	0.002056800297581318	-4.043722512539048e-13
0.7444116775461851	0.0020669966370922	-1.6154578679462331e-12
0.7504149975263963	0.0020769541156435978	-1.5248679386040167e-12
0.7564183175066074	0.0020866676226030667	4.674727614174815e-12
0.7624216374868186	0.0020961322109699088	3.8376249945327364e-12
0.7684249574670298	0.0021053431490596908	-7.873949547037698e-13
0.774428277447241	0.0021142963307017038	1.2156859008452684e-12
0.7804315974274522	0.002122987858271197	-2.620454998356718e-12
0.7864349174076632	0.002131414107668983	-4.600339229040083e-12
0.7924382373878744	0.0021395717095563094	-1.5168520271357261e-12
0.7984415573680856	0.002147458049532869	-6.976650710696821e-12
0.8044448773482968	0.002155070918389207	6.791443467030062e-12
0.8104481973285079	0.002162408369065588	1.579606286787951e-11
0.8164515173087191	0.0021694691720189896	-6.0116898180635074e-12
0.8224548372889303	0.002176252733475631	-1.152022402427828e-11
0.8284581572691415	0.002182758981283728	-2.3913358150037988e-12
0.8344614772493526	0.0021889881151115065	4.928979362563242e-12
0.8404647972295638	0.0021949411795592066	6.136879622073511e-12
0.846468117209775	0.002200619891442629	-5.913511991824363e-12
0.8524714371899862	0.0022060264314318345	-5.817810308771992e-13
0.8584747571701973	0.0022111635662973306	1.409879686975454e-11
0.8644780771504085	0.0022160346725603186	-3.942957664658234e-12
0.8704813971306197	0.0022206435498029198	-8.77843105343658e-12
0.8764847171108309	0.00222499459003081	3.641128899866596e-12
0.882488037091042	0.002229092965317536	-6.473138114659181e-12
0.8884913570712532	0.0022329443190690357	1.3202433935269169e-12
0.8944946770514643	0.002236554682671893	8.636090853775318e-12
0.9004979970316755	0.002239930452176242	-7.426153909141179e-13
0.9065013170118866	0.0022430785651253726	-2.0466552896708012e-12
0.9125046369920978	0.002246006225336439	-7.920225779564477e-12
0.918507956972309	0.002248721210237975	-4.545476880229186e-12
0.9245112769525202	0.0022512317397797854	1.3021513968035501e-11
0.9305145969327313	0.002253545862319156	1.8204062863633656e-12
0.9365179169129425	0.002255672206162712	-9.22614248315395e-12
0.9425212368931537	0.0022576195815248723	3.5257973666772987e-12
0.9485245568733649	0.0022593964560742863	-1.2643161516996225e-12
0.954527876853576	0.00226101218090502	3.18178544169839e-13
0.9605311968337872	0.0022624760667019905	6.9636083974295475e-12
0.9665345168139984	0.002263796558776704	-3.818394998236397e-13
0.9725378367942096	0.0022649824849641786	-2.51727235140347e-13
0.9785411567744208	0.0022660431682392512	-5.247345789135506e-13
0.9845444767546319	0.002266987333163134	-3.963683377558011e-12
0.9905477967348431	0.0022678232654602393	-3.705112192907235e-12
0.9965511167150543	0.0022685594364625083	2.018992903183208e-13
1.0025544366952654	0.0022692036219671696	3.8293345263940925e-12
1.0085577566754766	0.00226976350927674	-1.3027573542842197e-12
1.0145610766556878	0.002270246564482603	-5.473241699745684e-13
1.0205643966358988	0.002270659493059296	2.7853903277237094e-12
1.02656771661611	0.002271008882987452	1.3403775524812852e-12
1.0325710365963212	0.0022713004803612546	3.399671232732524e-12
1.0385743565765324	0.0022715397397622683	-4.768941853715922e-12
1.0445776765567436	0.002271731881739486	-5.098493470425246e-12
1.0505809965369548	0.002271881192160291	3.101932068598583e-12
1.056584316517166	0.0022719913430386957	1.3030515270136713e-12
1.0625876364973772	0.0022720653901211058	4.51441617527593e-12
1.0685909564775882	0.002272106005168875	-1.641726515963322e-12
1.0745942764577994	0.002272115358380025	-7.977703890190008e-12
1.0805975964380106	0.0022720948072550012	3.0602511111057175e-12
1.0866009164182218	0.0022720449478553922	1.926811932413886e-12
1.092604236398433	0.0022719659901800082	-1.1681578463238265e-12
1.0986075563786442	0.0022718574149241666	-1.5520829328038681e-12
1.1046108763588554	0.0022717182184611023	-3.993859400572336e-12
1.1106141963390666	0.0022715470130789672	8.3838411590773e-12
1.1166175163192775	0.002271341498017221	1.7149535301754165e-12
1.1226208362994887	0.0022710989358586398	-5.8193465650485534e-12
1.1286241562797	0.00227081624507465	7.836503860726145e-12
1.1346274762599111	0.0022704899587365907	6.935312710525014e-13
1.1406307962401223	0.0022701157085317225	-5.392256910421407e-12
1.1466341162203335	0.0022696890351762283	1.937800570099554e-12
1.1526374362005447	0.002269205684525988	-2.669573458203758e-12
1.158640756180756	0.0022686603274045952	-2.1091422232567675e-12
1.164644076160967	0.002268047464834416	7.512981324318534e-13
1.170647396141178	0.0022673616485222453	1.1577216747638258e-12
1.1766507161213893	0.0022665972509741117	4.6380278821373685e-12
1.1826540361016005	0.002265748569949738	-8.06005439458114e-12
1.1886573560818117	0.0022648094359326715	-3.827662512811943e-12
1.1946606760620229	0.002263774170536942	1.3527202890987612e-11
1.200663996042234	0.00226263725741338	-2.534394253881966e-13
1.2066673160224453	0.0022613928070813055	-1.3531708603947015e-11
1.2126706360026565	0.002260035369419794	4.9343741493942545e-14
1.2186739559828674	0.0022585595303686867	9.985518014613645e-12
1.2246772759630786	0.0022569601492856695	5.408445669608879e-12
1.2306805959432898	0.0022552328749737283	1.3124427230341237e-12
1.236683915923501	0.00225337336383908	-7.946354684391951e-12
1.2426872359037122	0.0022513775986776202	-5.998081689282243e-12
1.2486905558839234	0.0022492420892733025	-5.989039524695867e-13
1.2546938758641346	0.0022469638389997146	1.1361378312491538e-12
1.2606971958443458	0.0022445406171219817	5.675841831510981e-12
1.2667005158245568	0.0022419705745361646	-1.388664500242939e-12
1.272703835804768	0.0022392526699340012	-1.3727024784110796e-12
1.2787071557849792	0.002236386418064784	-1.4454846194209746e-12
1.2847104757651904	0.0022333718667439315	-3.5563260272649407e-12
1.2907137957454016	0.0022302099221035224	4.926383977080098e-12
1.2967171157256128	0.0022269020278115406	5.709972454083906e-12
1.302720435705824	0.0022234506324024447	-8.893240693820996e-13
1.3087237556860352	0.0022198589183360165	-4.677090048241009e-12
1.3147270756662461	0.0022161306552494486	-5.709996187175736e-12
1.3207303956464573	0.0022122703061007096	3.701899043490801e-12
1.3267337156266685	0.002208283531570602	1.1453394486639283e-11
1.3327370356068797	0.0022041764755205764	-3.2436067931488583e-12
1.338740355587091	0.00219995522418644	-1.1137342256375298e-11
1.3447436755673021	0.0021956276835983814	-1.8916103454616183e-12
1.3507469955475133	0.0021912026481063704	8.847648017915662e-12
1.3567503155277245	0.0021866885810637414	9.990406357979987e-12
1.3627536355079357	0.0021820947166879927	-5.765833615625464e-12
1.3687569554881467	0.0021774314203160706	-9.724718569943673e-12
1.3747602754683579	0.0021727095742903116	4.667740963783914e-12
1.380763595448569	0.0021679402022108333	8.584566999901064e-12
1.3867669154287803	0.0021631351079094566	-7.228322750649178e-13
1.3927702354089915	0.00215830646439864	-9.03771491329299e-12
1.3987735553892027	0.002153466439263515	-1.169636427918424e-11
1.4047768753694139	0.002148628180133198	3.838420971322123e-12
1.410780195349625	0.0021438047517535396	1.2472766995297172e-11
1.416783515329836	0.0021390091620551565	-1.7810624820858073e-12
1.4227868353100472	0.002134255027977981	1.5405195202700333e-12
1.4287901552902584	0.002129555737368314	5.951763956368114e-12
1.4347934752704696	0.002124924713870723	-6.26983300761036e-12
1.4407967952506808	0.0021203755212011576	-4.9419283499779815e-12
1.446800115230892	0.002115921342383302	1.0185613416545128e-12
1.4528034352111032	0.0021115752041890173	-3.385058422224287e-12
1.4588067551913144	0.002107350188457483	4.778314535402344e-12
1.4648100751715254	0.0021032588093403484	1.0200116761748612e-11
1.4708133951517366	0.0020993131989479642	-9.657351531681828e-12
1.4768167151319478	0.002095524830389609	-5.248928633811241e-12
1.482820035112159	0.002091904804340891	4.530003349224488e-12
1.4888233550923702	0.0020884639914017164	1.063051322710274e-12
1.4948266750725814	0.002085212258177725	4.540550781107705e-12
1.5008299950527926	0.0020821589218551415	-8.801594276457095e-12
1.5068333150330038	0.0020793124817176586	-1.790236577188938e-12
1.5128366350132147	0.002076680604774568	9.531838816101366e-12
1.518839954993426	0.0020742702928705295	-7.304027647788981e-13
1.5248432749736371	0.0020720874655447974	-1.1321103131335853e-12
1.5308465949538483	0.002070137415794253	-6.39404606037574e-12
1.5368499149340595	0.002068424538666652	-5.860223732731782e-12
1.5428532349142707	0.0020669518592717068	1.8470452133695126e-12
1.548856554894482	0.002065721548437427	1.010896235956136e-11
1.5548598748746931	0.0020647349902888634	1.1785964796083868e-11
1.5608631948549043	0.0020639922682252065	-6.321725792243174e-12
1.5668665148351153	0.0020634928347917775	-9.011672700932907e-12
1.5728698348153265	0.0020632351839102725	-9.795300101430056e-13
1.5788731547955377	0.0020632158868491984	1.2286442542593058e-12
1.584876474775749	0.00206343126094026	-1.8149674594850036e-12
1.59087979475596	0.0020638769286539654	-7.736777100471667e-12
1.5968831147361713	0.002064546761273378	7.590429548168954e-12
1.6028864347163825	0.0020654340140208866	1.0428824479775212e-11
1.6088897546965937	0.002066531189558213	-8.775147023040621e-12
1.6148930746768047	0.0020678295150643594	-6.423282029135902e-12
1.6208963946570158	0.002069319864333119	4.928331810631133e-12
1.626899714637227	0.0020709922942948322	6.346461573013433e-12
1.6329030346174382	0.0020728354414514677	-6.852052384197309e-13
1.6389063545976494	0.0020748377419118336	-1.9356509715929896e-12
1.6449096745778606	0.0020769870806492813	7.066977807052113e-12
1.6509129945580718	0.0020792706330496485	-6.046866146135584e-12
1.656916314538283	0.0020816748352398134	-1.0976163401848447e-11
1.662919634518494	0.00208418602566747	9.115828973443217e-12
1.6689229544987052	0.0020867903540866817	5.086381552135627e-12
1.6749262744789164	0.0020894726623111176	-5.213973180111534e-12
1.6809295944591276	0.0020922184551010053	-6.255165326771609e-12
1.6869329144393388	0.0020950130233588216	1.660274187826952e-12
1.69293623441955	0.0020978408954970412	1.1927121331007912e-11
1.6989395543997612	0.0021006872800518744	4.3702849061942086e-12
1.7049428743799724	0.0021035369661396297	-8.328905601729297e-12
1.7109461943601834	0.002106375136594771	-1.1162549995853171e-11
1.7169495143403946	0.0021091874214864414	8.05456520141964e-12
1.7229528343206058	0.0021119590806512045	1.0474443621581667e-11
1.728956154300817	0.0021146760327751535	-1.1940227159350844e-11
1.7349594742810281	0.0021173247322525124	-8.081123715318232e-12
1.7409627942612393	0.002119891712934613	8.365142731125987e-12
1.7469661142414505	0.002122364161112028	6.503642647455243e-12
1.7529694342216617	0.0021247302158083903	-2.633564774109643e-12
1.758972754201873	0.0021269786884021147	-1.9813164513538554e-12
1.764976074182084	0.0021290985181046107	-1.8234620869758365e-12
1.770979394162295	0.0021310796039131774	-6.088378525222162e-12
1.7769827141425063	0.0021329131011960656	-2.843663791811927e-12
1.7829860341227175	0.002134590554324217	8.384503459242328e-12
1.7889893541029287	0.0021361041674285153	4.253186261410501e-12
1.79499267408314	0.0021374476092512196	-6.098988121428014e-12
1.800995994063351	0.002138615407387273	6.199789259777571e-12
1.8069993140435623	0.0021396026016738123	6.839237193525378e-12
1.8130026340237733	0.002140405390495176	-5.340311225877155e-12
1.8190059540039845	0.0021410211152615155	-8.453008016036152e-12
1.8250092739841957	0.0021414483372400317	-2.388012916195739e-12
1.8310125939644069	0.0021416858043934173	6.2323654835389316e-12
1.837015913944618	0.0021417336842993184	-1.6088492710740909e-12
1.8430192339248292	0.002141593695825089	-5.4788766829870366e-12
1.8490225539050404	0.002141267625626664	5.164198565544859e-12
1.8550258738852516	0.002140758269151083	9.402060075749006e-12
1.8610291938654626	0.0021400696847007905	5.4000252078460846e-14
1.8670325138456738	0.002139206929064441	-2.085611207136844e-12
1.873035833825885	0.0021381756449922185	-2.4465081372303674e-12
1.8790391538060962	0.0021369819437376814	-9.970692570094853e-12
1.8850424737863074	0.002135633283658178	2.2930330802098514e-12
1.8910457937665186	0.002134137729821378	1.5526677581586228e-11
1.8970491137467298	0.002132503404791375	-2.9592067243641328e-12
1.903052433726941	0.0021307397952601004	-7.401462958934833e-12
1.909055753707152	0.002128856597711698	-3.7124378642766374e-13
1.9150590736873632	0.002126863825291536	-5.440387792780394e-12
1.9210623936675744	0.002124772536761549	-4.477746325829482e-13
1.9270657136477856	0.0021225934065156604	1.575356655156768e-12
1.9330690336279968	0.002120337405194489	7.330693742334736e-12
1.939072353608208	0.0021180165501105686	6.613139901595172e-12
1.9450756735884192	0.002115642358118869	-4.484334016777107e-12
1.9510789935686303	0.0021132262594660833	-1.6334125329987255e-11
1.9570823135488415	0.0021107804884452352	-4.493039368999303e-12
1.9630856335290525	0.002108316690436929	1.8909616811195458e-11
1.9690889535092637	0.0021058464862251935	1.2373958131477669e-11
1.975092273489475	0.002103381257270054	-6.840170443878815e-12
1.9810955934696861	0.0021009320205516713	-8.39607129923061e-12
1.9870989134498973	0.0020985100685902702	5.472027823877904e-12
1.9931022334301085	0.0020961256642587356	-4.252502558290589e-12
1.9991055534103197	0.002093789132800533	-8.531635510870768e-12
2.005108873390531	0.0020915104059343603	-1.1971104305073913e-12
2.011112193370742	0.0020892982505169855	-3.619500254169066e-13
2.0171155133509533	0.002087161198350118	1.0391021939242099e-11
2.0231188333311643	0.002085107377165246	6.455251828952641e-12
2.0291221533113757	0.0020831446164985	1.3616806097722464e-13
2.0351254732915867	0.0020812792062432084	4.499722787476392e-13
2.0411287932717976	0.0020795166176287017	-1.1124312166835298e-11
2.047132113252009	0.0020778625080693225	-4.242245917922569e-12
2.05313543323222	0.0020763213408744596	1.108297685066249e-11
2.0591387532124314	0.002074896746968591	-1.2958572722961924e-11
2.0651420731926424	0.002073591689556481	-1.3570410050823391e-11
2.071145393172854	0.0020724080881845963	2.099655233064957e-11
2.077148713153065	0.0020713470916010335	1.0462848446689166e-11
2.083152033133276	0.002070409351720759	-4.65377652202583e-12
2.089155353113487	0.0020695946601108073	-3.1363291245937385e-12
2.095158673093698	0.0020689015699772717	-4.638425696516978e-12
2.1011619930739096	0.002068328429370936	8.945255144516015e-12
2.1071653130541206	0.0020678729393686646	1.7399848398690237e-12
2.113168633034332	0.0020675314807735434	-1.615645607240125e-11
2.119171953014543	0.0020672997238544155	4.875441061833541e-12
2.1251752729947544	0.0020671734108567708	1.1205767040651357e-11
2.1311785929749654	0.0020671476056419724	-1.3402234671271341e-11
2.1371819129551763	0.00206721586161307	1.0662523703718209e-12
2.1431852329353878	0.0020673717728106333	1.1929233156660574e-11
2.1491885529155987	0.002067608967823348	-4.279777962854182e-12
2.15519187289581	0.002067920272538021	-9.768199320139074e-13
2.161195192876021	0.0020682977445363737	-4.6624645280500864e-12
2.1671985128562326	0.0020687332964066385	-7.349597036652634e-12
2.1732018328364435	0.0020692188547706825	9.282037526200704e-12
2.179205152816655	0.0020697460035676296	1.4319909200395284e-11
2.185208472796866	0.0020703063619462447	-1.5529897366124397e-11
2.191211792777077	0.002070891044974821	-2.1914834426703653e-11
2.1972151127572883	0.0020714912287787823	1.893174098137126e-11
2.2032184327374993	0.0020720986401059904	2.0748193482996818e-11
2.2092217527177107	0.002072704891109056	-6.378754642947043e-12
2.2152250726979217	0.002073301499566596	-6.736473448886334e-12
2.221228392678133	0.0020738798954718363	3.799555167836339e-12
2.227231712658344	0.002074432348175559	3.4327783607396665e-12
2.233235032638555	0.0020749517408887586	-4.6997367898557725e-12
2.2392383526187665	0.002075430377704107	-1.3609704810436941e-11
2.2452416725989774	0.0020758615237643635	-7.404257022575318e-12
2.251244992579189	0.0020762393601658075	1.8469671297093183e-11
2.2572483125594	0.0020765580469643136	1.2054574664441445e-11
2.2632516325396113	0.002076812418120022	-1.3984433534081098e-11
2.2692549525198222	0.0020769972945886422	-1.834039774816127e-12
2.2752582725000337	0.002077109198480656	3.0277108015448837e-12
2.2812615924802446	0.00207714530224605	-8.69622447133749e-12
2.2872649124604556	0.0020771023496164998	3.4081151430261407e-13
2.293268232440667	0.0020769788965256664	2.1393773806032278e-13
2.299271552420878	0.0020767736383854457	7.649690972879359e-12
2.3052748724010894	0.0020764860068299418	1.665591494348463e-11
2.3112781923813004	0.0020761167243897594	-8.742803427315806e-12
2.317281512361512	0.002075667068981185	-1.794695956060722e-11
2.323284832341723	0.002075138737924531	2.847022541275935e-12
2.329288152321934	0.0020745340336138784	1.0597293585717551e-11
2.335291472302145	0.002073856802156951	-4.78186038608079e-12
2.341294792282356	0.0020731109815634585	-4.904042383093032e-12
2.3472981122625676	0.002072301227938597	1.0178618501945167e-11
2.3533014322427785	0.0020714334188168676	-1.6173833484608209e-12
2.35930475222299	0.002070513600315488	-8.298123538123191e-12
2.365308072203201	0.002069548308525737	7.752108925941627e-13
2.3713113921834124	0.002068544853438742	7.532119953476394e-13
2.3773147121636233	0.002067511658140231	3.0402475660376563e-12
2.3833180321438343	0.002066456885982837	4.607353621857214e-12
2.3893213521240457	0.0020653887989820763	4.267508563906408e-12
2.3953246721042567	0.002064317230075337	-5.693812804595313e-12
2.401327992084468	0.0020632519322587237	3.7594155755725223e-13
2.407331312064679	0.0020622025265207913	1.2769933027269985e-11
2.4133346320448905	0.002061179390577289	-1.067181581387469e-11
2.4193379520251015	0.002060192611891762	-2.1179071844376003e-11
2.425341272005313	0.002059252433633592	7.509656578310133e-12
2.431344591985524	0.0020583698952711046	1.0437706342887441e-11
2.437347911965735	0.0020575553649231568	-7.665350856208156e-12
2.4433512319459463	0.0020568192204856173	-8.432041822183104e-13
2.4493545519261573	0.0020561720045747106	1.4985268243436902e-12
2.4553578719063687	0.002055623401361714	5.745430716365877e-12
2.4613611918865796	0.002055183378016863	1.2439347869184946e-11
2.467364511866791	0.002054861983649091	-5.643514230000838e-12
2.473367831847002	0.0020546681721595288	-1.9333672513377785e-11
2.479371151827213	0.002054610636173102	-4.459409920893048e-12
2.4853744718074244	0.002054697957509937	1.4212809149472199e-11
2.4913777917876354	0.0020549376955511615	1.3596580395182111e-11
2.497381111767847	0.0020553372544356054	-5.721323912250711e-12
2.503384431748058	0.00205590304684301	-7.664041726901928e-12
2.5093877517282692	0.002056640818865075	1.950362010510816e-12
2.51539107170848	0.002057556503024905	6.748206588761894e-13
2.5213943916886916	0.0020586540493004665	7.496927377690706e-14
2.5273977116689026	0.002059936860492273	-1.0328119586704686e-11
2.5334010316491136	0.002061408413698349	6.75774539954117e-13
2.539404351629325	0.0020630704876177137	1.6138253994215e-11
2.545407671609536	0.0020649242512423074	-4.232627180989481e-12
2.5514109915897474	0.0020669701194730643	-4.4444918220211974e-13
2.5574143115699584	0.00206920762961407	4.252374120584577e-12
2.5634176315501698	0.002071635536489835	-9.211389485258217e-12
2.5694209515303807	0.0020742510173486096	6.582348777369632e-12
2.575424271510592	0.0020770511539779865	6.263234824051189e-12
2.581427591490803	0.0020800325724027718	-1.5549085755713176e-11
2.587430911471014	0.002083189710970327	-1.0322365754313639e-11
2.5934342314512255	0.0020865165880269293	1.1886953256433542e-11
2.5994375514314365	0.0020900073539985645	1.0084560129078625e-11
2.605440871411648	0.0020936547565265466	-5.341702050719816e-13
2.611444191391859	0.002097450537287604	-9.03068142037215e-13
2.6174475113720703	0.002101385741764189	-5.361884281309875e-12
2.6234508313522813	0.0021054510628618003	-5.770504370283144e-12
2.6294541513324923	0.0021096366002309047	-2.655182926513106e-13
2.6354574713127037	0.0021139318247276884	5.490302415996844e-12
2.6414607912929147	0.002118325473060366	5.165940011762362e-12
2.647464111273126	0.00212280563770971	7.717068098833683e-13
2.653467431253337	0.0021273606753723293	3.686944513583218e-12
2.6594707512335485	0.0021319781278684863	-1.3995198874577765e-11
2.6654740712137595	0.002136644823183556	-1.5770178415261366e-11
2.671477391193971	0.002141347917869074	1.723349425244576e-11
2.677480711174182	0.0021460745693282837	9.025304374637077e-12
2.683484031154393	0.00215081161623195	-1.9157817409494945e-12
2.6894873511346042	0.0021555453878635764	-6.98468426902633e-13
2.695490671114815	0.0021602624573009155	-1.0737540146973532e-11
2.7014939910950266	0.002164949909206168	-1.0999890922622122e-13
2.7074973110752376	0.00216959444741667	1.5288806793560343e-11
2.713500631055449	0.0021741831169348746	1.0105123336792492e-11
2.71950395103566	0.002178703703991036	-1.4053632871099942e-11
2.7255072710158714	0.0021831436935166038	-1.4730911690606547e-11
2.7315105909960824	0.002187490931140193	9.572008354674572e-12
2.7375139109762934	0.0021917343054186494	1.2830392194136234e-11
2.743517230956505	0.002195862483954203	-6.771617627261123e-13
2.7495205509367158	0.002199865017354377	-9.624823197008826e-12
2.755523870916927	0.002203732373139089	-3.116075529414339e-12
2.761527190897138	0.0022074551899053663	8.340281896659545e-13
2.7675305108773496	0.0022110250061374154	-5.051050494216397e-12
2.7735338308575606	0.002214433780255598	2.7743409760489157e-13
2.7795371508377715	0.002217674437357084	3.4836309722819527e-12
2.785540470817983	0.00222074095640884	7.643519274706057e-12
2.791543790798194	0.0022236277234135987	4.639268233045119e-12
2.7975471107784053	0.0022263296564612733	-1.725811446936665e-11
2.8035504307586163	0.002228843174109943	-6.631675144406277e-12
2.8095537507388277	0.0022311654226269267	1.2257538558568868e-11
2.8155570707190387	0.0022332940323136763	8.913281501665674e-12
2.82156039069925	0.002235227855440919	7.844739524690956e-12
2.827563710679461	0.002236966405038135	-9.151165957362959e-12
2.833567030659672	0.0022385098847041845	-9.676226470982417e-12
2.8395703506398835	0.0022398594495958296	9.537351753279412e-12
2.8455736706200945	0.0022410174095294777	1.1719161878361432e-12
2.851576990600306	0.0022419865240974474	-4.4752831877894495e-12
2.857580310580517	0.0022427703276138022	-2.267089750707684e-12
2.8635836305607283	0.002243373307779961	-8.12050981740785e-12
2.8695869505409393	0.002243800305903876	-2.007314586789988e-12
2.8755902705211502	0.00224405687904608	9.09893656571492e-12
2.8815935905013617	0.0022441498376833124	1.3128252435524892e-11
2.8875969104815726	0.002244086247781607	-5.6104286083080065e-12
2.893600230461784	0.0022438731441943305	-1.9056898353186062e-11
2.899603550441995	0.002243518758036578	6.4062527069749925e-12
2.9056068704222064	0.0022430315914398202	1.3530833082369733e-11
2.9116101904024174	0.002242420471966211	-6.031577177569779e-13
2.917613510382629	0.0022416948507041345	-4.51416882623e-12
2.92361683036284	0.0022408640169304384	-4.13937956945456e-12
2.929620150343051	0.0022399376045974806	-1.3127489616952284e-12
2.935623470323262	0.0022389259624403246	4.447827068166211e-12
2.941626790303473	0.0022378392251711787	5.687278621132253e-12
2.9476301102836846	0.0022366873103105145	-7.173946791691996e-12
2.9536334302638956	0.002235480461929895	-8.16625418387701e-12
2.959636750244107	0.0022342289802934345	3.616074799596177e-12
2.965640070224318	0.0022329431295876057	9.552792274228091e-12
2.9716433902045294	0.0022316324954699263	9.68573606926186e-12
2.9776467101847404	0.0022303069006920084	-6.8233017393062995e-12
2.9836500301649513	0.0022289764740474616	-1.2557482359923006e-11
2.9896533501451628	0.006556443292778852	2.3269070616962415e-11
2.9956566701253737	0.019683297734321953	5.0381583763246344e-11
