0.0	0.0012207520011868755	3.224717223407044e-14
0.00600331998021117	-5.258676546557686e-05	6.996589481133776e-14
0.01200663996042234	-0.00037117031890654775	-1.9634496778115568e-14
0.01800995994063351	-0.00037149143476363736	-9.289694136439524e-14
0.02401327992084468	-0.0003719452484182273	-3.062604628908225e-14
0.03001659990105585	-0.00037256433403212025	3.1191535708803936e-14
0.03601991988126702	-0.00037338063660548565	7.547368098518429e-14
0.04202323986147819	-0.0003744253518689774	1.6467498878422247e-14
0.04802655984168936	-0.00037572882129437125	1.4648949254656593e-14
0.05402987982190053	-0.00037732046154333166	1.3613431144876464e-14
0.0600331998021117	-0.0003792286216655319	-1.218051143288589e-13
0.06603651978232288	-0.00038148046919816796	6.512761211829908e-14
0.07203983976253404	-0.0003841019192270112	1.0623869789909177e-13
0.07804315974274521	-0.000387117539268369	-1.220686463657718e-13
0.08404647972295638	-0.00039055044638495724	4.519733075120524e-14
0.09004979970316755	-0.000394422257367128	2.385375601883327e-13
0.09605311968337872	-0.0003987530296855178	-4.991882052412055e-14
0.10205643966358989	-0.0004035611797999029	-2.0684244280106026e-13
0.10805975964380106	-0.000408863434964512	-3.267477311318828e-14
0.11406307962401223	-0.0004146747794287083	-5.820888363510995e-14
0.1200663996042234	-0.0004210084189180028	1.3454018366222543e-13
0.12606971958443458	-0.0004278757468125457	7.502541027191458e-14
0.13207303956464575	-0.00043528633864362617	-3.8167796355951086e-13
0.13807635954485692	-0.0004432479280026963	-1.9112794496110267e-13
0.1440796795250681	-0.00045176638818329663	2.6606902945599953e-13
0.15008299950527926	-0.00046084573864814144	2.466009117939126e-13
0.15608631948549043	-0.00047048817000865844	-7.462575728495054e-14
0.1620896394657016	-0.0004806940526692386	-1.7400347276533088e-13
0.16809295944591277	-0.0004914619504273357	1.1190909342943689e-13
0.17409627942612393	-0.0005027886673996959	1.3068708868271536e-13
0.1800995994063351	-0.0005146692970654522	-1.7805622779358617e-13
0.18610291938654627	-0.0005270972385951044	-1.2367621526027608e-13
0.19210623936675744	-0.000540064270325	5.135714343567337e-13
0.1981095593469686	-0.0005535606217375554	-4.565396029273051e-14
0.20411287932717978	-0.0005675749991594752	-6.245775905591024e-13
0.21011619930739095	-0.0005820947188966809	3.375878717324458e-13
0.21611951928760212	-0.0005971057390176913	2.3410898295310406e-13
0.2221228392678133	-0.0006125927334119392	-4.781667005744121e-13
0.22812615924802446	-0.0006285391943456316	-3.443558242503547e-13
0.23412947922823563	-0.0006449275401373879	1.0467334833983618e-12
0.2401327992084468	-0.0006617392176704283	5.680414845999967e-13
0.24613611918865796	-0.0006789547241929893	-1.0886774915770655e-12
0.25213943916886916	-0.000696553759067714	-4.801522607516499e-13
0.2581427591490803	-0.0007145153265676208	2.909768522587987e-13
0.2641460791292915	-0.0007328178265102545	8.434502849335904e-13
0.27014939910950264	-0.0007514391450345395	-3.4437316938007776e-13
0.27615271908971384	-0.000770356787642465	-6.866645076910923e-13
0.282156039069925	-0.0007895479425412532	4.4200043234446724e-15
0.2881593590501362	-0.0008089895748640691	-6.438319955040086e-13
0.2941626790303473	-0.0008286586021859447	3.9094374195255787e-13
0.3001659990105585	-0.0008485318887472282	7.820517329662643e-13
0.30616931899076966	-0.0008685864011369893	-4.5209298612152633e-14
0.31217263897098085	-0.0008887992820800633	1.6748629715384618e-13
0.318175958951192	-0.0009091479185861298	1.637476213659201e-13
0.3241792789314032	-0.0009296100880308994	-4.5428196387031135e-13
0.33018259891161433	-0.0009501639687876338	-3.659513859796369e-13
0.33618591889182553	-0.0009707882519296752	5.163450983089106e-13
0.34218923887203667	-0.0009914622189571773	8.48726231723321e-13
0.34819255885224787	-0.001012165770144291	-6.284238474427606e-13
0.354195878832459	-0.001032879486230688	-6.200922695336307e-13
0.3601991988126702	-0.001053584771069066	-3.4729779309376273e-13
0.36620251879288135	-0.0010742638137478805	-5.597909285946763e-13
0.37220583877309255	-0.0010948996131023118	3.524431782949226e-13
0.3782091587533037	-0.0011154760609505196	1.5838448110597695e-12
0.3842124787335149	-0.001135977985197524	4.305889231012652e-13
0.3902157987137261	-0.0011563911838215965	-2.732541719592831e-12
0.3962191186939372	-0.0011767023722916506	5.91221471486478e-13
0.4022224386741484	-0.0011968992651639407	2.626078027041728e-12
0.40822575865435956	-0.0012169705138256465	-1.2821072085221972e-12
0.41422907863457076	-0.0012369058089829812	-1.0671529511338989e-12
0.4202323986147819	-0.0012566957920693636	1.7704422693600754e-12
0.4262357185949931	-0.0012763320205300827	6.987410983942473e-13
0.43223903857520424	-0.0012958072039457175	-2.4252077927822246e-12
0.43824235855541543	-0.0013151147693635581	-2.1690779055810032e-12
0.4442456785356266	-0.0013342489922979345	2.5286677492250048e-12
0.4502489985158378	-0.0013532052545033035	1.892344784029988e-12
0.4562523184960489	-0.0013719796911171034	-2.0526007241868107e-12
0.4622556384762601	-0.0013905692112232762	-6.467971022630609e-14
0.46825895845647125	-0.0014089714086489707	-7.194341295929443e-14
0.47426227843668245	-0.0014271846727151871	-1.26915564934338e-12
0.4802655984168936	-0.0014452081361886054	2.3301035780739397e-12
0.4862689183971048	-0.0014630414126346955	-3.4523593845695965e-13
0.49227223837731593	-0.0014806847156770483	-2.98754019306766e-12
0.4982755583575271	-0.0014981387144472752	2.5051272073077233e-12
0.5042788783377383	-0.001515404540726198	2.3783990196309365e-12
0.5102821983179494	-0.0015324838915549838	-9.71167906875448e-13
0.5162855182981606	-0.0015493786247264968	-1.9533714625684838e-12
0.5222888382783718	-0.001566090796740513	8.920849085229147e-13
0.528292158258583	-0.0015826228445459667	-1.5197491314510419e-13
0.5342954782387941	-0.001598977257427664	-1.3347541447371976e-12
0.5402987982190053	-0.0016151566786184873	3.4725160674966547e-12
0.5463021181992165	-0.0016311638436961873	1.368085907874482e-12
0.5523054381794277	-0.001647001293306985	-3.5469296656175645e-12
0.5583087581596388	-0.0016626716662766217	-2.7522999756579203e-12
0.56431207813985	-0.0016781775782788305	2.4773957923099352e-12
0.5703153981200612	-0.001693521315445215	2.8354703173276797e-12
0.5763187181002724	-0.001708705001718852	-3.035952874243106e-12
0.5823220380804836	-0.0017237305720811669	-1.1566501029199451e-12
0.5883253580606946	-0.0017385997087129984	2.6279513960410138e-12
0.5943286780409058	-0.0017533137135358895	-3.365524392091057e-12
0.600331998021117	-0.0017678735872977136	7.012627680481382e-13
0.6063353180013282	-0.0017822800451306048	3.573480003752572e-12
0.6123386379815393	-0.001796533349832985	-3.049199847506065e-12
0.6183419579617505	-0.0018106333567378674	1.5106810114142225e-13
0.6243452779419617	-0.0018245795447894009	8.347549449187033e-13
0.6303485979221729	-0.0018383709573370904	1.3497418286360952e-13
0.636351917902384	-0.0018520062619243327	1.6028194281803965e-12
0.6423552378825952	-0.0018654837358576676	-1.3845491713571773e-12
0.6483585578628064	-0.001878801124727672	3.5931653766726623e-13
0.6543618778430176	-0.0018919558044078882	3.560300826453191e-12
0.6603651978232287	-0.001904944828567498	-2.0762364084551886e-12
0.6663685178034399	-0.001917764885940726	-5.806141243107025e-12
0.6723718377836511	-0.0019304122627718107	4.359534691593023e-14
0.6783751577638623	-0.001942882858041256	3.5428589530443646e-12
0.6843784777440733	-0.0019551722320338832	1.2021367910966105e-12
0.6903817977242845	-0.0019672758861611767	1.7172295137664659e-12
0.6963851177044957	-0.0019791890176161925	-1.9969572533498836e-12
0.7023884376847069	-0.0019909063678080346	-5.084443669602023e-12
0.708391757664918	-0.002002422732966802	2.9081501951749513e-12
0.7143950776451292	-0.002013732844016014	5.60430478012921e-12
0.7203983976253404	-0.002024831204965008	-1.3805301847768074e-12
0.7264017176055516	-0.0020357122328021615	2.2059419766458476e-13
0.7324050375857627	-0.0020463704973283786	3.4537264062078806e-12
0.7384083575659739	-0.0020568005326253164	-7.58663835889786e-12
0.7444116775461851	-0.0020669968212989054	-5.867307473440068e-12
0.7504149975263963	-0.0020769541775736144	5.82525543007226e-12
0.7564183175066074	-0.002086667526679048	1.0920936970908544e-12
0.7624216374868186	-0.0020961320580176745	-9.080225551394195e-13
0.7684249574670298	-0.002105343222999906	-3.955423747137833e-13
0.774428277447241	-0.002114296551354089	7.196221778107783e-14
0.7804315974274522	-0.0021229880623103714	4.550422461091684e-12
0.7864349174076632	-0.00213141417970375	-4.2469916324068935e-12
0.7924382373878744	-0.002139571806227092	-4.273027329946962e-12
0.7984415573680856	-0.0021474582314969792	9.461121436448376e-12
0.8044448773482968	-0.0021550709547910885	2.9353289264479497e-12
0.8104481973285079	-0.002162408305055652	-5.812035653707143e-12
0.8164515173087191	-0.0021694692134707483	-2.787690904207334e-12
0.8224548372889303	-0.002176252812822549	-1.0360673922621904e-12
0.8284581572691415	-0.0021827589514182566	7.309078643314999e-13
0.8344614772493526	-0.0021889881269493427	8.377805250304702e-13
0.8404647972295638	-0.0021949412994570205	3.334302636864644e-12
0.846468117209775	-0.0022006200824998823	2.900085068507372e-13
0.8524714371899862	-0.0022060266122397587	-3.3058789657618808e-12
0.8584747571701973	-0.002211163639283059	1.3085222425667206e-12
0.8644780771504085	-0.002216034573869069	2.562855891094525e-12
0.8704813971306197	-0.0022206434708129386	-5.001625704022941e-12
0.8764847171108309	-0.0022249947408925497	-3.672632406105488e-12
0.882488037091042	-0.0022290932145633824	5.125384633610233e-12
0.8884913570712532	-0.0022329445340706633	-3.4917997203003045e-13
0.8944946770514643	-0.002236554809640523	-3.007187616540882e-12
0.9004979970316755	-0.002239930509632504	-4.672395177213184e-13
0.9065013170118866	-0.0022430785649723284	7.103358095161398e-12
0.9125046369920978	-0.0022460063019278664	4.2212396067540105e-12
0.918507956972309	-0.00224872137849802	-1.102831813757426e-11
0.9245112769525202	-0.0022512318228079253	-4.0214087920468673e-13
0.9305145969327313	-0.0022535459414005365	7.592266483782579e-12
0.9365179169129425	-0.0022556722426024522	-3.0052218783820183e-13
0.9425212368931537	-0.0022576194997104837	2.8139600034973373e-12
0.9485245568733649	-0.002259396647773332	-2.2135505542640235e-12
0.954527876853576	-0.0022610125381801183	-5.989531975846638e-12
0.9605311968337872	-0.002262476050635648	2.5176410299875113e-13
0.9665345168139984	-0.0022637964107371233	-1.31402357890464e-12
0.9725378367942096	-0.002264982706589952	8.015520734665668e-13
0.9785411567744208	-0.002266043514356386	1.2763667821252242e-12
0.9845444767546319	-0.0022669875379413285	-1.4773222492496302e-12
0.9905477967348431	-0.002267823464040558	3.266156086946364e-12
0.9965511167150543	-0.0022685595077279186	4.2263462093155904e-12
1.0025544366952654	-0.0022692036742162636	-2.326077700466857e-12
1.0085577566754766	-0.002269763614578313	-5.312750880123036e-12
1.0145610766556878	-0.0022702466292899015	-3.522736294686936e-13
1.0205643966358988	-0.0022706595768277327	4.272544516719904e-12
1.02656771661611	-0.002271008784465872	8.236874451366385e-13
1.0325710365963212	-0.0022713004081091615	2.853926600762507e-13
1.0385743565765324	-0.0022715400213999537	-1.4450531164711961e-13
1.0445776765567436	-0.002271732232307949	-5.153161495450698e-12
1.0505809965369548	-0.0022718812553546297	5.192027405594031e-13
1.056584316517166	-0.0022719912434827627	3.0697321872057694e-12
1.0625876364973772	-0.002272065466153661	-1.7142564340961356e-12
1.0685909564775882	-0.0022721062635438355	2.4118447690030947e-12
1.0745942764577994	-0.0022721156506367024	3.1365946180688064e-12
1.0805975964380106	-0.002272094993813187	-9.424010596608677e-13
1.0866009164182218	-0.0022720450425997712	-4.635344990888644e-13
1.092604236398433	-0.002271965970662468	-3.9933090574484096e-12
1.0986075563786442	-0.002271857492614035	-5.026460417513969e-12
1.1046108763588554	-0.0022717185480462254	3.470083925324256e-12
1.1106141963390666	-0.0022715472657360986	1.934394333978314e-12
1.1166175163192775	-0.002271341553631609	8.716442015552764e-14
1.1226208362994887	-0.0022710989732660503	4.012549011379396e-12
1.1286241562797	-0.002270816400420067	3.5460760022577785e-12
1.1346274762599111	-0.002270489969684819	-9.383184043581548e-13
1.1406307962401223	-0.0022701157992121995	-8.43326680449192e-12
1.1466341162203335	-0.0022696894763742925	-2.860523020839423e-12
1.1526374362005447	-0.0022692059289231292	3.163924620814658e-12
1.158640756180756	-0.0022686603517891313	4.0668093456886096e-12
1.164644076160967	-0.002268047500783757	2.2014139278161007e-12
1.170647396141178	-0.0022673617422672293	-5.806305700830034e-12
1.1766507161213893	-0.0022665973508497333	-3.3273238389437228e-12
1.1826540361016005	-0.0022657484715660203	3.63636655856747e-12
1.1886573560818117	-0.0022648095068739243	7.193483227590256e-13
1.1946606760620229	-0.0022637744831850715	-1.8520013646586423e-12
1.200663996042234	-0.0022626374724673687	1.8404462870166178e-13
1.2066673160224453	-0.0022613929601450755	1.4297476599617808e-12
1.2126706360026565	-0.0022600353497446712	3.696577506411762e-12
1.2186739559828674	-0.0022585595075508835	6.685016883686616e-13
1.2246772759630786	-0.002256960425504703	-2.100936089012983e-13
1.2306805959432898	-0.0022552331673140608	-1.8993184828703044e-12
1.236683915923501	-0.0022533735367194566	-4.536804870474155e-12
1.2426872359037122	-0.0022513776324805945	1.5004771682992953e-12
1.2486905558839234	-0.002249242038862981	-2.0725622772670233e-12
1.2546938758641346	-0.002246963878287267	-3.984798317047522e-13
1.2606971958443458	-0.0022445407169281936	5.572360407443054e-12
1.2667005158245568	-0.002241970860526271	-3.1582971315838156e-12
1.272703835804768	-0.0022392529632318664	1.7677809571165609e-13
1.2787071557849792	-0.0022363865629087196	5.836738971693816e-12
1.2847104757651904	-0.0022333719302835356	-1.6013895090821027e-12
1.2907137957454016	-0.002230209859758213	-1.3237493847822635e-12
1.2967171157256128	-0.002226902068889182	-2.635832709774708e-13
1.302720435705824	-0.002223450769499112	-3.827827888655706e-12
1.3087237556860352	-0.002219859039079175	8.448282961805792e-13
1.3147270756662461	-0.0022161308113091763	3.0283862943593973e-12
1.3207303956464573	-0.0022122706816466373	4.782238463385711e-13
1.3267337156266685	-0.002208283784050389	-5.597419916833659e-13
1.3327370356068797	-0.002204176213749725	-3.0366626851833563e-13
1.338740355587091	-0.002199955183391729	7.619726701774722e-13
1.3447436755673021	-0.002195628073279665	-3.4454972506367625e-12
1.3507469955475133	-0.0021912028394793746	-3.901866893940032e-12
1.3567503155277245	-0.002186688507561041	5.838950062927394e-12
1.3627536355079357	-0.002182094705688715	8.929516866202504e-12
1.3687569554881467	-0.0021774315485983773	-8.294936907855147e-12
1.3747602754683579	-0.0021727097675552347	-9.875482152465742e-12
1.380763595448569	-0.0021679405068342917	6.670992118617509e-12
1.3867669154287803	-0.002163135353048644	4.508752371331156e-12
1.3927702354089915	-0.0021583065657161705	-2.716106076760293e-12
1.3987735553892027	-0.0021534667375141927	-1.4606430406598793e-12
1.4047768753694139	-0.0021486284306565483	6.668043779199703e-13
1.410780195349625	-0.0021438047974791964	2.1567917268244813e-12
1.416783515329836	-0.0021390092305404902	2.926834713691692e-12
1.4227868353100472	-0.0021342550105266705	5.987899439209104e-13
1.4287901552902584	-0.0021295556852193916	-3.648855678100304e-12
1.4347934752704696	-0.0021249246988016383	-4.738247261362761e-12
1.4407967952506808	-0.0021203755081662824	4.545430494566062e-13
1.446800115230892	-0.002115921438251858	3.052391950344241e-12
1.4528034352111032	-0.0021115754366312703	7.763933117703963e-13
1.4588067551913144	-0.0021073504548470706	1.1181318944889604e-12
1.4648100751715254	-0.0021032590698189906	1.5999571402775735e-12
1.4708133951517366	-0.002099313214038518	-4.953631702136986e-13
1.4768167151319478	-0.0020955247540229184	8.891518264718716e-13
1.482820035112159	-0.002091904931645773	-1.0921388009809687e-12
1.4888233550923702	-0.0020884641629507483	-7.037007381786327e-12
1.4948266750725814	-0.0020852124754041287	1.94975042027932e-13
1.5008299950527926	-0.0020821590626084116	7.68336701483401e-12
1.5068333150330038	-0.0020793124988087025	2.293922218679132e-12
1.5128366350132147	-0.002076680649095948	-4.7091411032098494e-12
1.518839954993426	-0.0020742702986873696	-5.01795172987442e-12
1.5248432749736371	-0.0020720875694235294	1.6781856236643814e-12
1.5308465949538483	-0.0020701376915610303	5.40210872008187e-13
1.5368499149340595	-0.0020684247336456504	1.3171683945088847e-12
1.5428532349142707	-0.0020669518794248845	5.854235493269661e-12
1.548856554894482	-0.002065721493519364	-1.826167522063019e-12
1.5548598748746931	-0.0020647349443890795	-2.2630903314830858e-12
1.5608631948549043	-0.0020639925111238244	-4.838382175327921e-13
1.5668665148351153	-0.0020634932148337337	-4.554123902156308e-12
1.5728698348153265	-0.002063235162141991	3.857464039033803e-13
1.5788731547955377	-0.002063215854007025	5.7305082203841344e-12
1.584876474775749	-0.0020634314816713184	1.385378457556272e-12
1.59087979475596	-0.002063877012043497	-4.287344542405048e-12
1.5968831147361713	-0.0020645467023980013	-1.549404969483823e-12
1.6028864347163825	-0.002065434015890308	2.91157587775884e-12
1.6088897546965937	-0.0020665312462741225	-7.68251912348899e-13
1.6148930746768047	-0.0020678297225634468	-9.500820510378002e-13
1.6208963946570158	-0.002069320129274882	3.024930320510223e-12
1.626899714637227	-0.0020709923489492243	-6.650470289090482e-13
1.6329030346174382	-0.002072835418973129	-1.3771360536829971e-12
1.6389063545976494	-0.002074837739749133	6.564706715322688e-13
1.6449096745778606	-0.0020769871548293045	-7.078974434851193e-13
1.6509129945580718	-0.0020792706908384084	-1.1546936924626888e-12
1.656916314538283	-0.002081675029778518	7.980432539475584e-13
1.662919634518494	-0.0020841863564520086	1.0236965839103979e-12
1.6689229544987052	-0.002086790369724173	-1.5337845252982086e-12
1.6749262744789164	-0.002089472756520508	6.726494875806912e-13
1.6809295944591276	-0.002092218615611194	2.2898137327036514e-12
1.6869329144393388	-0.002095012931167997	5.430736239858102e-13
1.69293623441955	-0.002097840855847133	-3.0019988653104427e-12
1.6989395543997612	-0.002100687251544789	-5.195763528613131e-13
1.7049428743799724	-0.0021035370899274847	2.1047436651920503e-12
1.7109461943601834	-0.0021063754767346454	-1.1689307834137027e-12
1.7169495143403946	-0.002109187630745607	3.6155987059638683e-13
1.7229528343206058	-0.0021119592050086455	-2.0920534770642553e-13
1.728956154300817	-0.002114676140213795	-1.0464834081908163e-12
1.7349594742810281	-0.0021173246158353864	-5.829987728729899e-13
1.7409627942612393	-0.0021198914774197553	7.748181396156296e-13
1.7469661142414505	-0.00212236418783035	1.1791953517045587e-12
1.7529694342216617	-0.002124730500052824	-5.100705872478161e-13
1.758972754201873	-0.002126978825543302	1.0040138039108866e-12
1.764976074182084	-0.0021290985670638363	7.237696123193112e-13
1.770979394162295	-0.0021310798101360495	-5.209940214674118e-13
1.7769827141425063	-0.0021329132685043717	-6.736633123992251e-13
1.7829860341227175	-0.0021345905621312777	-2.719356862314451e-13
1.7889893541029287	-0.0021361042454499934	-5.633749686930371e-13
1.79499267408314	-0.002137447724675917	-5.156863562128519e-13
1.800995994063351	-0.0021386153620983894	1.3922733503508914e-12
1.8069993140435623	-0.002139602507603311	-1.2649870134180418e-12
1.8130026340237733	-0.002140405430255704	-1.1319260762423426e-12
1.8190059540039845	-0.002141021305649804	2.895187306591901e-12
1.8250092739841957	-0.002141448291192727	1.312470863977103e-12
1.8310125939644069	-0.0021416857616333995	-1.1394423490532764e-12
1.837015913944618	-0.0021417338943530706	-1.1790537094694671e-12
1.8430192339248292	-0.0021415937436609633	-3.934726942729467e-13
1.8490225539050404	-0.002141267522253215	2.87858252886892e-14
1.8550258738852516	-0.0021407582489959	2.5042252516408963e-13
1.8610291938654626	-0.0021400698305824306	3.70661699485501e-13
1.8670325138456738	-0.002139207055155329	6.63864832509609e-13
1.873035833825885	-0.0021381756115977646	-5.395585868126792e-13
1.8790391538060962	-0.002136982036360202	-8.509414270865617e-13
1.8850424737863074	-0.0021356334339910354	4.570731061021344e-13
1.8910457937665186	-0.0021341376859422556	-6.573631855135695e-15
1.8970491137467298	-0.0021325034613250415	-3.214838392963332e-13
1.903052433726941	-0.0021307398878908645	3.7130867998983114e-13
1.909055753707152	-0.0021288566484476135	-1.9403251382224154e-13
1.9150590736873632	-0.0021268639989520943	-2.908622640492976e-14
1.9210623936675744	-0.00212477255189511	7.417256364653506e-13
1.9270657136477856	-0.0021225932466578945	-4.749003735568242e-13
1.9330690336279968	-0.0021203374000609287	-4.807713636808588e-13
1.939072353608208	-0.002118016514780552	5.605992510507907e-13
1.9450756735884192	-0.002115642235813675	1.0961018881012713e-13
1.9510789935686303	-0.0021132263468742196	-5.743635340152993e-13
1.9570823135488415	-0.0021107806257865402	3.530177318681157e-13
1.9630856335290525	-0.0021083168081769965	-1.0803367863711165e-13
1.9690889535092637	-0.002105846470439432	7.034897707094746e-14
1.975092273489475	-0.002103381105833191	9.715914806505519e-13
1.9810955934696861	-0.002100932000279415	-8.234186518063429e-13
1.9870989134498973	-0.00209851002652936	-4.607045719797417e-13
1.9931022334301085	-0.002096125739152105	2.05631565952006e-13
1.9991055534103197	-0.0020937893032106636	-2.304045048327783e-13
2.005108873390531	-0.002091510395269197	3.918383265296192e-13
2.011112193370742	-0.002089298178911292	2.5270586177993355e-13
2.0171155133509533	-0.0020871612823369634	-7.925573450587583e-14
2.0231188333311643	-0.002085107687847726	-1.067992376137216e-14
2.0291221533113757	-0.0020831446940005327	-1.1412256438049113e-13
2.0351254732915867	-0.002081278991226454	-1.0569474498300171e-13
2.0411287932717976	-0.002079516546593607	8.888591796826237e-14
2.047132113252009	-0.002077862558158422	-2.1371143472705648e-13
2.05313543323222	-0.0020763214548566444	-1.0469732332693331e-13
2.0591387532124314	-0.0020748968698283965	2.1410632387505576e-13
2.0651420731926424	-0.0020735916931027	-2.492853603088847e-13
2.071145393172854	-0.0020724080171628523	2.491602750159605e-13
2.077148713153065	-0.002071347107957977	2.430839410248139e-13
2.083152033133276	-0.0020704094294942688	-3.6117047629808245e-13
2.089155353113487	-0.0020695946562520606	1.651437813248013e-13
2.095158673093698	-0.0020689016876112853	1.0191871833183168e-13
2.1011619930739096	-0.0020683286741825513	-2.1106198851781388e-13
2.1071653130541206	-0.0020678730190739347	-1.2107840048910631e-14
2.113168633034332	-0.0020675313971117437	6.330275245989773e-14
2.119171953014543	-0.002067299815317808	1.0007998918693344e-13
2.1251752729947544	-0.002067173620134477	1.6670274781613015e-13
2.1311785929749654	-0.0020671475479891177	-5.383697614405238e-14
2.1371819129551763	-0.0020672157814748127	-3.3028663721526335e-13
2.1431852329353878	-0.0020673719588325534	-1.7261177130580888e-13
2.1491885529155987	-0.0020676092247007283	2.2323536268393345e-13
2.15519187289581	-0.0020679203282736036	8.740181006320938e-14
2.161195192876021	-0.0020682976433176736	-8.715835483117374e-14
2.1671985128562326	-0.002068733207119533	-2.919317331220983e-14
2.1732018328364435	-0.0020692188074986906	2.2360800592411407e-13
2.179205152816655	-0.002069746021795993	3.348664084812841e-13
2.185208472796866	-0.0020703062899069535	-4.823961553711298e-13
2.191211792777077	-0.0020708909791819774	-4.31418300278839e-13
2.1972151127572883	-0.002071491417828003	3.4999911049357297e-13
2.2032184327374993	-0.0020720989666580536	1.5364239496697335e-13
2.2092217527177107	-0.0020727050998765456	-1.1104592277174046e-13
2.2152250726979217	-0.002073301448755366	-9.246151039777513e-14
2.221228392678133	-0.0020738798614534787	1.1453205816995145e-13
2.227231712658344	-0.002074432460483902	2.0585935093964314e-13
2.233235032638555	-0.0020749516832370835	-1.0348597003260963e-13
2.2392383526187665	-0.002075430353770419	-3.1877819167445334e-13
2.2452416725989774	-0.0020758617403393437	2.7317575139578173e-13
2.251244992579189	-0.0020762395818825913	1.9819926972711345e-13
2.2572483125594	-0.0020765581307317232	-6.664565941856432e-13
2.2632516325396113	-0.0020768122133398015	-1.8500210025268782e-13
2.2692549525198222	-0.0020769972805134013	7.293125295077331e-13
2.2752582725000337	-0.002077109394937271	3.7730888034371337e-13
2.2812615924802446	-0.0020771452801905538	-3.554755536100967e-13
2.2872649124604556	-0.0020771023858885823	-1.2538412956261204e-13
2.293268232440667	-0.0020769788544380136	-7.709830279718986e-14
2.299271552420878	-0.002076773559145234	-1.2892940420560312e-13
2.3052748724010894	-0.002076486139765868	5.703123079219659e-14
2.3112781923813004	-0.002076116978770748	5.836528022144793e-14
2.317281512361512	-0.0020756671885078654	1.6575304169884928e-13
2.323284832341723	-0.0020751386716215126	-1.0518813437522347e-13
2.329288152321934	-0.0020745341049048377	-5.234419326606571e-13
2.335291472302145	-0.002073856853628625	5.5531699392126835e-14
2.341294792282356	-0.002073111022474386	7.271302196991987e-13
2.3472981122625676	-0.002072301434302856	-1.5981316193912968e-14
2.3533014322427785	-0.0020714335823240476	-3.932062113592145e-13
2.35930475222299	-0.002070513619512937	3.311836315862857e-13
2.365308072203201	-0.0020695483232758827	2.411766879601722e-13
2.3713113921834124	-0.0020685450534604494	-5.069939254144228e-14
2.3773147121636233	-0.002067511695580962	3.666201173574064e-14
2.3833180321438343	-0.0020664566678203905	-8.037682846811864e-13
2.3893213521240457	-0.002065388813767652	-3.869974532745842e-13
2.3953246721042567	-0.0020643173725806777	4.0844436280793794e-13
2.401327992084468	-0.0020632519949456	-6.202010217604719e-13
2.407331312064679	-0.0020622026017407882	4.0181387480715155e-13
2.4133346320448905	-0.002061179327968503	8.522716983915687e-13
2.4193379520251015	-0.0020601924856516254	-1.9847582477435784e-14
2.425341272005313	-0.002059252552746249	1.7160048583374818e-13
2.431344591985524	-0.0020583700556096665	-4.202405768810514e-13
2.437347911965735	-0.002057555474173807	-1.2062570393610257e-14
2.4433512319459463	-0.0020568192933553484	-2.1206535151810868e-13
2.4493545519261573	-0.002056171848934918	-6.596560146027116e-13
2.4553578719063687	-0.0020556232819797238	1.6393659717879426e-13
2.4613611918865796	-0.0020551835169124247	2.1215028438251854e-13
2.467364511866791	-0.0020548620673858514	9.041343294269459e-13
2.473367831847002	-0.0020546681974598843	4.468576856729673e-13
2.479371151827213	-0.0020546107551743173	-4.663913619362874e-13
2.4853744718074244	-0.0020546980074559427	-3.5760162335874395e-13
2.4913777917876354	-0.0020549377826783177	-3.527320456238194e-13
2.497381111767847	-0.002055337238189913	4.544222129410065e-13
2.503384431748058	-0.002055903009720448	-1.1666285192603572e-13
2.5093877517282692	-0.00205664107108473	-6.302535275563729e-13
2.51539107170848	-0.002057556531449241	-1.267591441524485e-13
2.5213943916886916	-0.002058653927327665	2.4699136834751365e-13
2.5273977116689026	-0.0020599369527629224	8.939963736132637e-13
2.5334010316491136	-0.002061408428423176	-1.1470563919880126e-13
2.539404351629325	-0.0020630704657845517	-1.2761241271898706e-12
2.545407671609536	-0.002064924268508198	6.541546250189104e-13
2.5514109915897474	-0.002066970213870537	1.5257734297739306e-12
2.5574143115699584	-0.002069207739584413	-7.200985854578723e-13
2.5634176315501698	-0.0020716354004576363	-1.5981662429548065e-12
2.5694209515303807	-0.002074251017487403	-2.9725947143595297e-13
2.575424271510592	-0.0020770514058776387	8.216339997533652e-13
2.581427591490803	-0.0020800324850901147	6.493410581881222e-14
2.587430911471014	-0.0020831894718324785	-1.5590477486784154e-13
2.5934342314512255	-0.002086516682473054	9.60913824110146e-13
2.5994375514314365	-0.002090007548484804	5.159910871066711e-13
2.605440871411648	-0.0020936547857779084	2.102140084159118e-13
2.611444191391859	-0.002097450393028732	4.28081658738404e-13
2.6174475113720703	-0.002101385661633686	-2.048769004563026e-12
2.6234508313522813	-0.0021054511174769808	-2.2343198051893774e-12
2.6294541513324923	-0.0021096367301447483	1.4338102523617588e-12
2.6354574713127037	-0.0021139319232147957	1.1197167466649909e-12
2.6414607912929147	-0.002118325479389588	2.6197659085144595e-13
2.647464111273126	-0.0021228057870352757	1.8923139045689976e-13
2.653467431253337	-0.0021273607615560283	9.516704500217073e-14
2.6594707512335485	-0.0021319779550648885	5.101633032899737e-13
2.6654740712137595	-0.0021366447024636706	-5.818718278300706e-13
2.671477391193971	-0.002141348047418286	8.554410165442847e-13
2.677480711174182	-0.0021460748185081965	-4.4126014356818037e-13
2.683484031154393	-0.0021508116631733173	-2.1421513288298524e-12
2.6894873511346042	-0.0021555452772743927	9.68779789596533e-13
2.695490671114815	-0.0021602624001538784	6.572445438484013e-13
2.7014939910950266	-0.002164949829132609	9.432150444634595e-13
2.7074973110752376	-0.002169594465438615	1.182101237997801e-12
2.713500631055449	-0.0021741833321855114	-2.7556920556340785e-12
2.71950395103566	-0.002178703847694155	-7.160658518444052e-13
2.7255072710158714	-0.0021831437082967253	7.44094751498292e-14
2.7315105909960824	-0.0021874909731741665	-8.079284166215697e-13
2.7375139109762934	-0.00219173421601232	2.9204084336282745e-12
2.743517230956505	-0.0021958624528785747	-7.706637391541645e-13
2.7495205509367158	-0.0021998651630876637	-2.2737336903146823e-12
2.755523870916927	-0.0022037325034871963	5.26092326305437e-13
2.761527190897138	-0.002207455330942437	4.161764738898394e-14
2.7675305108773496	-0.0022110250054387798	1.878015362535546e-12
2.7735338308575606	-0.0022144337438901734	5.650547812908629e-13
2.7795371508377715	-0.002217674564092109	-1.8063437044477375e-12
2.785540470817983	-0.0022207410292498786	1.4278933151398958e-12
2.791543790798194	-0.0022236275773134806	1.8084130638500738e-12
2.7975471107784053	-0.002226329637052632	-3.2135760940419274e-12
2.8035504307586163	-0.0022288433025122595	-2.204196783868723e-12
2.8095537507388277	-0.002231165517048758	2.7899855388623246e-12
2.8155570707190387	-0.002233294153338547	1.4889054230096649e-12
2.82156039069925	-0.0022352279081027937	-3.5203018093448755e-12
2.827563710679461	-0.0022369663410257146	-1.6954853855909904e-12
2.833567030659672	-0.0022385098118753305	2.5709397729052182e-12
2.8395703506398835	-0.0022398595159299345	3.2253133549055603e-12
2.8455736706200945	-0.0022410174671320254	3.678428544333915e-12
2.851576990600306	-0.002241986605068219	-1.1528404158958674e-12
2.857580310580517	-0.0022427704342955768	-5.809058252590161e-12
2.8635836305607283	-0.0022433732454399113	-1.5208769535065466e-12
2.8695869505409393	-0.002243800211670241	2.50891304541892e-12
2.8755902705211502	-0.002244057027573826	-5.458224338018641e-13
2.8815935905013617	-0.0022441500642874646	-2.069587474741762e-12
2.8875969104815726	-0.0022440863010505796	1.3948241327602075e-12
2.893600230461784	-0.002243873214643005	3.763495254256544e-12
2.899603550441995	-0.0022435187744784257	-4.947612737355963e-13
2.9056068704222064	-0.0022430315720901317	-1.1532021058474015e-12
2.9116101904024174	-0.0022424205542492803	-2.967068203156311e-13
2.917613510382629	-0.00224169478635855	-2.6576780362598484e-12
2.92361683036284	-0.002240863870936999	4.662630273802344e-13
2.929620150343051	-0.002239937695723615	2.946206762515214e-13
2.935623470323262	-0.0022389260867066996	2.135636502179183e-12
2.941626790303473	-0.0022378392129601687	3.2044201341417637e-12
2.9476301102836846	-0.0022366873074471383	-4.774273612083206e-12
2.9536334302638956	-0.002235480570476095	-2.47855767433182e-12
2.959636750244107	-0.0022342291809875625	5.129546143950079e-12
2.965640070224318	-0.002232943157800815	-1.7698353707024114e-12
2.9716433902045294	-0.0022316325497866163	-1.0070662083665085e-12
2.9776467101847404	-0.0022303071223376825	4.349726699817493e-12
2.9836500301649513	-0.0022289763351804603	-3.876367313943644e-12
2.9896533501451628	-0.006556442600858664	-5.083873924117992e-12
2.9956566701253737	-0.01968329681890027	-1.037495774198827e-12
