0.0	3.6038894119451495e-05	-1.6940658945086007e-21
0.00600331998021117	0.00014414409698824143	-5.251604272976662e-20
0.01200663996042234	0.0003242811738509812	6.776263578034403e-20
0.01800995994063351	0.0005763927458318531	5.421010862427522e-20
0.02401327992084468	0.0009003985085090651	0.0
0.03001659990105585	0.0012961952579323077	-1.0842021724855044e-19
0.03601991988126702	0.001763656924089415	-1.1926223897340549e-18
0.04202323986147819	0.002302634611830126	4.336808689942018e-19
0.04802655984168936	0.0029129566492646477	-3.2526065174565133e-19
0.05402987982190053	0.003594428643646088	2.168404344971009e-18
0.0600331998021117	0.004346833544763798	-3.0899761915836876e-18
0.06603651978232288	0.005169931715857062	3.0357660829594124e-18
0.07203983976253404	0.006063461012071726	-2.168404344971009e-19
0.07804315974274521	0.007027136866479245	-8.673617379884035e-19
0.08404647972295638	0.008060652383679888	1.5178830414797062e-18
0.09004979970316755	0.009163678441007829	6.938893903907228e-18
0.09605311968337872	0.010335863797361485	-3.0357660829594124e-18
0.10205643966358989	0.011576835209678855	-6.288372600415926e-18
0.10805975964380106	0.012886197557071318	-4.3503612170980865e-18
0.11406307962401223	0.014263533972637767	-1.3444106938820255e-17
0.1200663996042234	0.015708405982970013	-5.204170427930421e-18
0.12606971958443458	0.017220353655360357	-1.0408340855860843e-17
0.13207303956464575	0.018798895752721038	-1.452830911130576e-17
0.13807635954485692	0.020443529896219458	-1.0408340855860843e-17
0.1440796795250681	0.022153732735629237	-1.734723475976807e-18
0.15008299950527926	0.02392896012739123	9.540979117872439e-18
0.15608631948549043	0.025768647320375017	-8.673617379884035e-18
0.1620896394657016	0.02767220914932644	-8.673617379884035e-18
0.16809295944591277	0.029639040235976376	4.336808689942018e-18
0.17409627942612393	0.031668515197784186	1.734723475976807e-18
0.1800995994063351	0.0337599888642773	-1.0408340855860843e-17
0.18610291938654627	0.03591279650094596	-3.469446951953614e-18
0.19210623936675744	0.038126254040639844	-2.6020852139652106e-18
0.1981095593469686	0.04039965832240195	6.938893903907228e-18
0.20411287932717978	0.04273228733768449	-4.85722573273506e-17
0.21011619930739095	0.04512340048384671	2.42861286636753e-17
0.21611951928760212	0.0475722388248711	-1.9081958235744878e-17
0.2221228392678133	0.050078025359185055	4.336808689942018e-18
0.22812615924802446	0.05263996529448492	-1.734723475976807e-17
0.23412947922823563	0.055257246329451094	3.469446951953614e-17
0.2401327992084468	0.05792903894221958	2.42861286636753e-17
0.24613611918865796	0.06065449668548794	-6.938893903907228e-17
0.25213943916886916	0.06343275648808866	-1.734723475976807e-17
0.2581427591490803	0.0662629389628962	-4.336808689942018e-17
0.2641460791292915	0.0691441487208838	2.7755575615628914e-17
0.27014939910950264	0.0720754746911725	-5.204170427930421e-17
0.27615271908971384	0.07505599044687125	-4.85722573273506e-17
0.282156039069925	0.07808475453652979	-1.3877787807814457e-17
0.2881593590501362	0.08116081082099856	-4.85722573273506e-17
0.2941626790303473	0.08428318881547486	2.7755575615628914e-17
0.3001659990105585	0.08745090403654443	4.163336342344337e-17
0.30616931899076966	0.09066295835396554	2.0816681711721685e-17
0.31217263897098085	0.09391834034698483	2.0816681711721685e-17
0.318175958951192	0.09721602566494628	2.0816681711721685e-17
0.3241792789314032	0.100554977391935	-1.3877787807814457e-17
0.33018259891161433	0.10393414641524565	0.0
0.33618591889182553	0.10735247179737765	-6.938893903907228e-18
0.34218923887203667	0.11080888115135967	3.469446951953614e-17
0.34819255885224787	0.11430229101909281	-7.28583859910259e-17
0.354195878832459	0.11783160725251145	-5.551115123125783e-17
0.3601991988126702	0.12139572539724781	-3.8163916471489756e-17
0.36620251879288135	0.12499353107860565	-6.938893903907228e-17
0.37220583877309255	0.12862390038953442	4.163336342344337e-17
0.3782091587533037	0.13228570028038383	-8.673617379884035e-18
0.3842124787335149	0.13597778895017545	6.158268339717665e-17
0.3902157987137261	0.1396990162391446	-1.621830924766754e-16
0.3962191186939372	0.14344822402232635	4.85722573273506e-17
0.4022224386741484	0.14722424660391917	7.632783294297951e-17
0.40822575865435956	0.1510259111122306	-5.551115123125783e-17
0.41422907863457076	0.1548520378949529	-6.938893903907228e-17
0.4202323986147819	0.15870144091456073	4.163336342344337e-17
0.4262357185949931	0.16257292814365198	-6.245004513516506e-17
0.43223903857520424	0.16646530195995635	-1.3183898417423734e-16
0.43824235855541543	0.17037735954093763	-1.5612511283791264e-16
0.4442456785356266	0.17430789325769236	5.551115123125783e-17
0.4502489985158378	0.17825569106803685	5.551115123125783e-17
0.4562523184960489	0.18221953690863837	-1.249000902703301e-16
0.4622556384762601	0.18619821108599177	6.938893903907228e-18
0.46825895845647125	0.1901904906661484	-2.7755575615628914e-17
0.47426227843668245	0.1941951498630425	-5.898059818321144e-17
0.4802655984168936	0.1982109604253126	9.71445146547012e-17
0.4862689183971048	0.2022366920215434	6.938893903907228e-17
0.49227223837731593	0.2062711126237715	-1.249000902703301e-16
0.4982755583575271	0.21031298888925307	2.5673907444456745e-16
0.5042788783377383	0.21436108654035987	6.938893903907228e-17
0.5102821983179494	0.21841417074259165	6.938893903907228e-17
0.5162855182981606	0.22247100648064505	-7.632783294297951e-17
0.5222888382783718	0.22653035893250878	4.163336342344337e-17
0.528292158258583	0.23059099384151605	6.938893903907228e-17
0.5342954782387941	0.23465167788643546	-1.1102230246251565e-16
0.5402987982190053	0.2387111790494762	2.3592239273284576e-16
0.5463021181992165	0.2427682669823084	-5.551115123125783e-17
0.5523054381794277	0.24682171337004782	-9.71445146547012e-17
0.5583087581596388	0.2508702922932411	-2.220446049250313e-16
0.56431207813985	0.2549127805878593	8.153200337090993e-17
0.5703153981200612	0.25894795820338523	2.7755575615628914e-17
0.5763187181002724	0.26297460855891447	-1.1102230246251565e-16
0.5823220380804836	0.266991518897433	-1.6653345369377348e-16
0.5883253580606946	0.2709974806381998	1.3877787807814457e-16
0.5943286780409058	0.2749912897273678	-1.942890293094024e-16
0.600331998021117	0.2789717469868036	2.7755575615628914e-17
0.6063353180013282	0.28293765846120245	2.7755575615628914e-16
0.6123386379815393	0.2868878357635255	-1.942890293094024e-16
0.6183419579617505	0.29082109641877296	2.220446049250313e-16
0.6243452779419617	0.29473626420616966	2.7755575615628914e-17
0.6303485979221729	0.29863216949974924	1.6653345369377348e-16
0.636351917902384	0.3025076496074198	1.1102230246251565e-16
0.6423552378825952	0.3063615491084602	8.326672684688674e-17
0.6483585578628064	0.3101927201895639	-2.7755575615628914e-17
0.6543618778430176	0.31400002297930574	2.0816681711721685e-16
0.6603651978232287	0.3177823258811775	-2.0122792321330962e-16
0.6663685178034399	0.3215385059050536	-1.6653345369377348e-16
0.6723718377836511	0.32526744899719273	-6.938893903907228e-17
0.6783751577638623	0.32896805036862464	2.7777259659078624e-16
0.6843784777440733	0.3326392148220074	4.163336342344337e-17
0.6903817977242845	0.33627985707679187	2.0816681711721685e-16
0.6963851177044957	0.3398889020927467	-2.7755575615628914e-17
0.7023884376847069	0.3434652853917047	-9.71445146547012e-17
0.708391757664918	0.34700795337744106	1.942890293094024e-16
0.7143950776451292	0.3505158636536528	3.3306690738754696e-16
0.7203983976253404	0.3539879853398853	0.0
0.7264017176055516	0.3574232993853054	-5.551115123125783e-17
0.7324050375857627	0.3608207988801861	0.0
0.7384083575659739	0.36417948936497224	-4.718447854656915e-16
0.7444116775461851	0.36749838913679167	-4.718447854656915e-16
0.7504149975263963	0.3707765295531792	1.942890293094024e-16
0.7564183175066074	0.37401295533295675	-1.1102230246251565e-16
0.7624216374868186	0.3772067248539689	2.7755575615628914e-17
0.7684249574670298	0.3803569104475615	8.326672684688674e-17
0.774428277447241	0.38346259868957294	0.0
0.7804315974274522	0.3865228906875919	3.3306690738754696e-16
0.7864349174076632	0.38953690236433014	-5.551115123125783e-17
0.7924382373878744	0.39250376473683385	-8.326672684688674e-17
0.7984415573680856	0.39542262419131735	4.996003610813204e-16
0.8044448773482968	0.39829264275340315	1.1102230246251565e-16
0.8104481973285079	0.401112998353445	-3.0531133177191805e-16
0.8164515173087191	0.4038828850868007	-1.1102230246251565e-16
0.8224548372889303	0.4066015134687442	-2.7755575615628914e-16
0.8284581572691415	0.4092681106837437	8.326672684688674e-17
0.8344614772493526	0.41188192082890057	-1.1102230246251565e-16
0.8404647972295638	0.4144422051513067	1.6653345369377348e-16
0.846468117209775	0.41694824227900057	-5.551115123125783e-17
0.8524714371899862	0.4193993284453852	-2.220446049250313e-16
0.8584747571701973	0.42179477770675466	-2.7755575615628914e-17
0.8644780771504085	0.4241339221527892	-1.3877787807814457e-16
0.8704813971306197	0.4264161121097269	-1.942890293094024e-16
0.8764847171108309	0.4286407163360302	-4.440892098500626e-16
0.882488037091042	0.4308071222103177	3.7470027081099033e-16
0.8884913570712532	0.4329147359113137	-2.0816681711721685e-16
0.8944946770514643	0.4349629825897377	1.942890293094024e-16
0.9004979970316755	0.43695130653183084	6.938893903907228e-17
0.9065013170118866	0.4388791713144348	4.440892098500626e-16
0.9125046369920978	0.44074605995140786	4.163336342344337e-16
0.918507956972309	0.44255147503129577	-3.3306690738754696e-16
0.9245112769525202	0.4442949388460718	1.6653345369377348e-16
0.9305145969327313	0.445975993510892	4.718447854656915e-16
0.9365179169129425	0.447594201074728	-2.7755575615628914e-17
0.9425212368931537	0.4491491436218281	1.942890293094024e-16
0.9485245568733649	0.45064042336392884	-1.942890293094024e-16
0.954527876853576	0.45206766272319726	-4.996003610813204e-16
0.9605311968337872	0.4534305044058431	-2.7755575615628914e-17
0.9665345168139984	0.45472861146641647	-3.3306690738754696e-16
0.9725378367942096	0.4559616673628192	9.71445146547012e-17
0.9785411567744208	0.45712937600205544	2.6020852139652106e-17
0.9845444767546319	0.45823146177670054	1.1102230246251565e-16
0.9905477967348431	0.4592676695922491	1.942890293094024e-16
0.9965511167150543	0.46023776488540247	3.3306690738754696e-16
1.0025544366952654	0.4611415336333362	-1.1102230246251565e-16
1.0085577566754766	0.46197878235415213	-5.551115123125783e-17
1.0145610766556878	0.4627493380985783	-5.551115123125783e-17
1.0205643966358988	0.4634530484331081	3.191891195797325e-16
1.02656771661611	0.4640897814147423	2.7755575615628914e-17
1.0325710365963212	0.4646594255574668	8.326672684688674e-17
1.0385743565765324	0.46516188979074824	0.0
1.0445776765567436	0.4655971034101829	-1.942890293094024e-16
1.0505809965369548	0.4659650160205123	0.0
1.056584316517166	0.46626559747126584	2.7755575615628914e-16
1.0625876364973772	0.46649883778529955	-8.326672684688674e-17
1.0685909564775882	0.4666647470804355	3.0531133177191805e-16
1.0745942764577994	0.4667633554843965	8.326672684688674e-17
1.0805975964380106	0.4667947130434605	-2.7755575615628914e-17
1.0866009164182218	0.4667588896249235	-2.220446049250313e-16
1.092604236398433	0.46665597481378873	-2.220446049250313e-16
1.0986075563786442	0.46648607780384815	-4.440892098500626e-16
1.1046108763588554	0.46624932728350454	1.6653345369377348e-16
1.1106141963390666	0.46594587131658693	5.551115123125783e-17
1.1166175163192775	0.46557587721836147	5.551115123125783e-17
1.1226208362994887	0.4651395314271729	2.7755575615628914e-16
1.1286241562797	0.464637039371816	-8.326672684688674e-17
1.1346274762599111	0.4640686253350589	-8.326672684688674e-17
1.1406307962401223	0.46343453231338033	-7.216449660063518e-16
1.1466341162203335	0.4627350218734011	-2.7755575615628914e-16
1.1526374362005447	0.461970374005097	-1.3877787807814457e-16
1.158640756180756	0.4611408869720365	-8.326672684688674e-17
1.164644076160967	0.46024687715898976	-2.7755575615628914e-17
1.170647396141178	0.4592886789170051	-4.718447854656915e-16
1.1766507161213893	0.4582666444061663	-2.220446049250313e-16
1.1826540361016005	0.4571811434363251	-2.7755575615628914e-17
1.1886573560818117	0.4560325633058085	5.551115123125783e-17
1.1946606760620229	0.45482130863850867	-1.1102230246251565e-16
1.200663996042234	0.4535478012192479	2.220446049250313e-16
1.2066673160224453	0.45221247982772844	5.551115123125783e-17
1.2126706360026565	0.45081580007115274	3.608224830031759e-16
1.2186739559828674	0.449358234215558	2.7755575615628914e-17
1.2246772759630786	0.4478402710160345	-2.7755575615628914e-17
1.2306805959432898	0.4462624155458718	-8.326672684688674e-17
1.236683915923501	0.4446251890246104	-3.885780586188048e-16
1.2426872359037122	0.44292912864521494	8.326672684688674e-17
1.2486905558839234	0.4411747874002123	-9.71445146547012e-17
1.2546938758641346	0.4393627339069205	2.7755575615628914e-17
1.2606971958443458	0.43749355223173075	4.996003610813204e-16
1.2667005158245568	0.43556784171336915	2.7755575615628914e-17
1.272703835804768	0.43358621678521814	2.914335439641036e-16
1.2787071557849792	0.43154930679650105	4.718447854656915e-16
1.2847104757651904	0.42945775583238094	5.551115123125783e-17
1.2907137957454016	0.42731222253288415	8.326672684688674e-17
1.2967171157256128	0.4251133799104383	5.551115123125783e-17
1.302720435705824	0.4228619151661432	-1.1102230246251565e-16
1.3087237556860352	0.42055852950439754	8.326672684688674e-17
1.3147270756662461	0.4182039379460042	2.3592239273284576e-16
1.3207303956464573	0.4157988691394485	0.0
1.3267337156266685	0.4133440651703103	1.3877787807814457e-16
1.3327370356068797	0.4108402813686093	-1.6653345369377348e-16
1.338740355587091	0.40828828611392265	1.3877787807814457e-16
1.3447436755673021	0.40568886063825205	-2.7755575615628914e-16
1.3507469955475133	0.40304279882624194	2.7755575615628914e-17
1.3567503155277245	0.40035090701279186	1.1102230246251565e-16
1.3627536355079357	0.3976140037777881	4.718447854656915e-16
1.3687569554881467	0.3948329197378759	-3.608224830031759e-16
1.3747602754683579	0.39200849733498255	-3.608224830031759e-16
1.380763595448569	0.3891415906215846	3.885780586188048e-16
1.3867669154287803	0.38623306504239885	2.220446049250313e-16
1.3927702354089915	0.38328379721248845	1.5265566588595902e-16
1.3987735553892027	0.38029467469151523	1.3877787807814457e-16
1.4047768753694139	0.37726659575413124	3.0531133177191805e-16
1.410780195349625	0.3742004691561825	2.7755575615628914e-16
1.416783515329836	0.3710972138968039	3.7470027081099033e-16
1.4227868353100472	0.3679577589761679	9.71445146547012e-17
1.4287901552902584	0.36478304314877463	2.42861286636753e-17
1.4347934752704696	0.36157401467228084	-1.6653345369377348e-16
1.4407967952506808	0.3583316310516692	1.97758476261356e-16
1.446800115230892	0.35505685877878407	2.5673907444456745e-16
1.4528034352111032	0.3517506730671252	2.914335439641036e-16
1.4588067551913144	0.34841405758185434	2.3592239273284576e-16
1.4648100751715254	0.3450480041650175	2.7755575615628914e-16
1.4708133951517366	0.3416535125559757	5.551115123125783e-17
1.4768167151319478	0.33823159010695963	4.163336342344337e-17
1.482820035112159	0.33478325149390425	-5.551115123125783e-17
1.4888233550923702	0.3313095184225021	-3.191891195797325e-16
1.4948266750725814	0.3278114193295046	0.0
1.5008299950527926	0.3242899890794534	3.3306690738754696e-16
1.5068333150330038	0.3207462686567834	1.3877787807814457e-17
1.5128366350132147	0.3171813048535041	-1.249000902703301e-16
1.518839954993426	0.3135961499525319	-3.0531133177191805e-16
1.5248432749736371	0.30999186140676704	8.326672684688674e-17
1.5308465949538483	0.30636950151412523	9.71445146547012e-17
1.5368499149340595	0.30273013708864804	5.551115123125783e-17
1.5428532349142707	0.29907483912783717	4.3021142204224816e-16
1.548856554894482	0.2954046824764545	-1.5265566588595902e-16
1.5548598748746931	0.2917207454869428	-6.938893903907228e-17
1.5608631948549043	0.2880241096767211	-9.71445146547012e-17
1.5668665148351153	0.28431585938251097	-2.498001805406602e-16
1.5728698348153265	0.28059708141200196	2.7755575615628914e-17
1.5788731547955377	0.27686886469298977	2.220446049250313e-16
1.584876474775749	0.2731322999204295	8.326672684688674e-17
1.59087979475596	0.26938847920143233	-1.3877787807814457e-16
1.5968831147361713	0.2656384956986392	-5.551115123125783e-17
1.6028864347163825	0.2618834432721499	1.249000902703301e-16
1.6088897546965937	0.25812441612037584	2.7755575615628914e-17
1.6148930746768047	0.2543625084199923	-2.7755575615628914e-17
1.6208963946570158	0.25059881396533434	2.220446049250313e-16
1.626899714637227	0.24683442580753379	-4.163336342344337e-17
1.6329030346174382	0.2430704358936413	-1.3877787807814457e-17
1.6389063545976494	0.23930793470606587	4.163336342344337e-17
1.6449096745778606	0.23554801090255814	-5.551115123125783e-17
1.6509129945580718	0.23179175095711857	2.7755575615628914e-17
1.656916314538283	0.22804023880197993	0.0
1.662919634518494	0.22429455547106353	1.6653345369377348e-16
1.6689229544987052	0.22055577874513	-5.551115123125783e-17
1.6749262744789164	0.21682498279884174	1.6653345369377348e-16
1.6809295944591276	0.21310323785014454	9.71445146547012e-17
1.6869329144393388	0.20939160981203758	6.938893903907228e-17
1.69293623441955	0.20569115994710857	-6.938893903907228e-17
1.6989395543997612	0.20200294452505663	-9.71445146547012e-17
1.7049428743799724	0.19832801448336132	1.942890293094024e-16
1.7109461943601834	0.19466741509139907	-2.0816681711721685e-16
1.7169495143403946	0.19102218561817327	1.5265566588595902e-16
1.7229528343206058	0.18739335900385518	-1.5265566588595902e-16
1.728956154300817	0.1837819615353607	5.551115123125783e-17
1.7349594742810281	0.18018901252610664	-5.551115123125783e-17
1.7409627942612393	0.17661552400011457	1.1102230246251565e-16
1.7469661142414505	0.17306250038063242	1.249000902703301e-16
1.7529694342216617	0.1695309381834384	5.551115123125783e-17
1.758972754201873	0.16602182571488686	1.3877787807814457e-16
1.764976074182084	0.16253614277488526	8.326672684688674e-17
1.770979394162295	0.15907486036489202	0.0
1.7769827141425063	0.15563894040104412	0.0
1.7829860341227175	0.15222933543244405	-5.551115123125783e-17
1.7889893541029287	0.14884698836477073	1.3877787807814457e-17
1.79499267408314	0.14549283218919176	-8.326672684688674e-17
1.800995994063351	0.14216778971671384	9.71445146547012e-17
1.8069993140435623	0.13887277331792203	-4.163336342344337e-17
1.8130026340237733	0.1356086846682547	-1.3877787807814457e-17
1.8190059540039845	0.13237641449870982	1.942890293094024e-16
1.8250092739841957	0.12917684235213112	4.163336342344337e-17
1.8310125939644069	0.12601083634494153	2.0816681711721685e-17
1.837015913944618	0.12287925293448167	-9.020562075079397e-17
1.8430192339248292	0.11978293669180172	0.0
1.8490225539050404	0.11672272007996105	-5.551115123125783e-17
1.8550258738852516	0.1136994232378337	4.85722573273506e-17
1.8610291938654626	0.11071385376932799	-3.469446951953614e-17
1.8670325138456738	0.10776680653804926	4.85722573273506e-17
1.873035833825885	0.10485906346732796	-5.377642775528102e-17
1.8790391538060962	0.1019913933455976	-3.469446951953614e-17
1.8850424737863074	0.09916455163707645	-1.3877787807814457e-17
1.8910457937665186	0.09637928029768156	-6.938893903907228e-18
1.8970491137467298	0.09363630759614493	-3.469446951953614e-17
1.903052433726941	0.0909363479403021	2.7755575615628914e-17
1.909055753707152	0.08828010170844788	0.0
1.9150590736873632	0.08566825508575202	0.0
1.9210623936675744	0.08310147990566338	4.868067754459915e-17
1.9270657136477856	0.08058043349625314	-3.469446951953614e-17
1.9330690336279968	0.07810575853143076	3.469446951953614e-18
1.939072353608208	0.07567808288701222	8.673617379884035e-18
1.9450756735884192	0.07329801950156004	2.949029909160572e-17
1.9510789935686303	0.07096616624195726	-2.7755575615628914e-17
1.9570823135488415	0.06868310577368535	3.469446951953614e-17
1.9630856335290525	0.0664494054357283	1.3877787807814457e-17
1.9690889535092637	0.06426561712010355	-1.3877787807814457e-17
1.975092273489475	0.06213227715593832	7.979727989493313e-17
1.9810955934696861	0.06004990619809426	-6.938893903907228e-17
1.9870989134498973	0.0580190091202962	-3.469446951953614e-18
1.9931022334301085	0.05604007491271508	-1.0408340855860843e-17
1.9991055534103197	0.0541135765840141	-1.734723475976807e-17
2.005108873390531	0.05223997106781195	1.734723475976807e-17
2.011112193370742	0.05041969913355668	0.0
2.0171155133509533	0.04865318530178759	0.0
2.0231188333311643	0.046940837763781204	-1.0408340855860843e-17
2.0291221533113757	0.045283048305566155	-1.0408340855860843e-17
2.0351254732915867	0.04368019223629509	-2.0816681711721685e-17
2.0411287932717976	0.04213262832098948	0.0
2.047132113252009	0.040640698717638854	-1.734723475976807e-17
2.05313543323222	0.03920472891865991	-1.3877787807814457e-17
2.0591387532124314	0.03782502769672682	1.3877787807814457e-17
2.0651420731926424	0.03650188705496181	-1.3877787807814457e-17
2.071145393172854	0.035235582181515054	2.42861286636753e-17
2.077148713153065	0.03402637140852294	2.0816681711721685e-17
2.083152033133276	0.03287449617546307	-6.938893903907228e-18
2.089155353113487	0.03178018099691092	2.42861286636753e-17
2.095158673093698	0.0307436334347089	0.0
2.1011619930739096	0.02976504407455993	0.0
2.1071653130541206	0.028844586507049158	-5.204170427930421e-18
2.113168633034332	0.027982417313108753	1.734723475976807e-17
2.119171953014543	0.02717867605392162	5.204170427930421e-18
2.1251752729947544	0.026433485265283517	1.3877787807814457e-17
2.1311785929749654	0.025746950456412888	0.0
2.1371819129551763	0.025119160113221923	-1.3877787807814457e-17
2.1431852329353878	0.024550185706038893	-6.938893903907228e-18
2.1491885529155987	0.024040081701786096	1.214306433183765e-17
2.15519187289581	0.023588885580596304	1.214306433183765e-17
2.161195192876021	0.02319661785687241	4.336808689942018e-18
2.1671985128562326	0.022863282104766625	8.673617379884035e-18
2.1732018328364435	0.022588864988068627	8.673617379884035e-18
2.179205152816655	0.022373336294481464	1.8214596497756474e-17
2.185208472796866	0.02221664897426322	-1.9949319973733282e-17
2.191211792777077	0.022118739183208745	-2.42861286636753e-17
2.1972151127572883	0.022079526329941052	1.8214596497756474e-17
2.2032184327374993	0.02209891312747983	-1.734723475976807e-18
2.2092217527177107	0.022176785649044864	1.3877787807814457e-17
2.2152250726979217	0.022313013388066502	-5.204170427930421e-18
2.221228392678133	0.022507449322343685	1.474514954580286e-17
2.227231712658344	0.022759929982318246	4.336808689942018e-18
2.233235032638555	0.023070275523404474	7.806255641895632e-18
2.2392383526187665	0.02343828980232919	-1.734723475976807e-18
2.2452416725989774	0.02386376045742165	6.071532165918825e-18
2.251244992579189	0.024346458992804756	1.214306433183765e-17
2.2572483125594	0.024886140866419874	-3.0357660829594124e-17
2.2632516325396113	0.025482545581832827	6.071532165918825e-18
2.2692549525198222	0.02613539678375391	2.168404344971009e-17
2.2752582725000337	0.026844402357217162	3.382710778154774e-17
2.2812615924802446	0.027609254530348938	-2.0816681711721685e-17
2.2872649124604556	0.028429629980665512	1.214306433183765e-17
2.293268232440667	0.02930518994484452	-1.4094628242311558e-17
2.299271552420878	0.030235580331897167	8.782037597132586e-18
2.3052748724010894	0.031220431839690428	-8.673617379884035e-18
2.3112781923813004	0.03225936007475821	1.0408340855860843e-17
2.317281512361512	0.03335196567534246	-6.938893903907228e-18
2.323284832341723	0.03449783443761297	1.0408340855860843e-17
2.329288152321934	0.035696537445009675	-1.6479873021779667e-17
2.335291472302145	0.03694763120067223	2.0816681711721685e-17
2.341294792282356	0.03825065776289046	4.163336342344337e-17
2.3472981122625676	0.03960514488355324	1.734723475976807e-17
2.3533014322427785	0.041010606149551265	0.0
2.35930475222299	0.04246654112709516	2.2551405187698492e-17
2.365308072203201	0.043972435508936765	1.0408340855860843e-17
2.3713113921834124	0.04552776126444746	-2.2551405187698492e-17
2.3773147121636233	0.047131976792559156	-1.734723475976807e-17
2.3833180321438343	0.048784527077529	-4.85722573273506e-17
2.3893213521240457	0.05048484384754295	-4.85722573273506e-17
2.3953246721042567	0.05223234573613865	3.122502256758253e-17
2.401327992084468	0.05402643844645024	-4.85722573273506e-17
2.407331312064679	0.055866514918298985	4.163336342344337e-17
2.4133346320448905	0.057751955498116035	3.8163916471489756e-17
2.4193379520251015	0.05968212811173682	1.0408340855860843e-17
2.425341272005313	0.0616563884400716	2.0816681711721685e-17
2.431344591985524	0.06367408009769211	-3.122502256758253e-17
2.437347911965735	0.06573453481436282	-2.42861286636753e-17
2.4433512319459463	0.06783707261953761	-2.0816681711721685e-17
2.4493545519261573	0.06998100202988491	-5.551115123125783e-17
2.4553578719063687	0.07216562023986732	3.469446951953614e-17
2.4613611918865796	0.07439021331541759	-6.938893903907228e-18
2.467364511866791	0.07665405639078374	7.632783294297951e-17
2.473367831847002	0.07895641386855526	2.0816681711721685e-17
2.479371151827213	0.08129653962295495	-2.0816681711721685e-17
2.4853744718074244	0.08367367720645469	-6.938893903907228e-18
2.4913777917876354	0.08608706005971206	-6.245004513516506e-17
2.497381111767847	0.08853591172497483	1.3877787807814457e-17
2.503384431748058	0.09101944606290577	-2.7755575615628914e-17
2.5093877517282692	0.09353686747296408	-3.469446951953614e-17
2.51539107170848	0.09608737111735503	-6.938893903907228e-18
2.5213943916886916	0.09867014314857689	0.0
2.5273977116689026	0.10128436094066615	4.85722573273506e-17
2.5334010316491136	0.10392919332413572	6.938893903907228e-18
2.539404351629325	0.10660380082464932	-3.469446951953614e-17
2.545407671609536	0.10930733590550101	3.469446951953614e-17
2.5514109915897474	0.11203894321387259	7.632783294297951e-17
2.5574143115699584	0.11479775983093742	-4.163336342344337e-17
2.5634176315501698	0.11758291552579772	-3.469446951953614e-17
2.5694209515303807	0.120393533013253	-1.3877787807814457e-17
2.575424271510592	0.12322872821545057	7.632783294297951e-17
2.581427591490803	0.12608761052733672	5.551115123125783e-17
2.587430911471014	0.1289692830859396	5.551115123125783e-17
2.5934342314512255	0.13187284304344146	1.0755285551056204e-16
2.5994375514314365	0.13479738184400822	7.28583859910259e-17
2.605440871411648	0.13774198550429548	4.163336342344337e-17
2.611444191391859	0.1407057348976312	0.0
2.6174475113720703	0.14368770604173609	-5.551115123125783e-17
2.6234508313522813	0.14668697038997514	-1.231653667943533e-16
2.6294541513324923	0.14970259512596193	1.3183898417423734e-16
2.6354574713127037	0.1527336434614885	5.898059818321144e-17
2.6414607912929147	0.15577917493762147	1.1102230246251565e-16
2.647464111273126	0.1588382457288358	9.71445146547012e-17
2.653467431253337	0.1619099089500676	6.245004513516506e-17
2.6594707512335485	0.16499321496651675	9.71445146547012e-17
2.6654740712137595	0.16808721170602753	0.0
2.671477391193971	0.1711909449739128	4.163336342344337e-17
2.677480711174182	0.17430345876996917	0.0
2.683484031154393	0.177423795607556	-1.249000902703301e-16
2.6894873511346042	0.18055099683445586	8.326672684688674e-17
2.695490671114815	0.1836841029553679	0.0
2.7014939910950266	0.18682215395576063	1.3877787807814457e-17
2.7074973110752376	0.18996418962685652	2.7755575615628914e-17
2.713500631055449	0.1931092498915175	-1.942890293094024e-16
2.71950395103566	0.19625637513072958	-9.71445146547012e-17
2.7255072710158714	0.19940460651049596	0.0
2.7315105909960824	0.20255298630880672	-1.3877787807814457e-16
2.7375139109762934	0.20570055824243758	1.8041124150158794e-16
2.743517230956505	0.20884636779330987	-6.938893903907228e-17
2.7495205509367158	0.2119894625340943	-8.326672684688674e-17
2.755523870916927	0.2151288924528088	1.1102230246251565e-16
2.761527190897138	0.21826371027607588	1.3877787807814457e-17
2.7675305108773496	0.22139297179082792	2.220446049250313e-16
2.7735338308575606	0.2245157361640554	9.71445146547012e-17
2.7795371508377715	0.22763106626042617	5.551115123125783e-17
2.785540470817983	0.23073802895741086	9.71445146547012e-17
2.791543790798194	0.23383569545765298	1.3877787807814457e-16
2.7975471107784053	0.23692314159829217	-1.1102230246251565e-16
2.8035504307586163	0.23999944815700497	0.0
2.8095537507388277	0.24306370115443648	1.5265566588595902e-16
2.8155570707190387	0.24611499215278124	1.5265566588595902e-16
2.82156039069925	0.24915241855029507	-1.3877787807814457e-17
2.827563710679461	0.2521750838714059	9.71445146547012e-17
2.833567030659672	0.2551820980523041	3.3306690738754696e-16
2.8395703506398835	0.25817257772164315	2.636779683484747e-16
2.8455736706200945	0.26114564647629634	3.191891195797325e-16
2.851576990600306	0.264100435151795	-1.3877787807814457e-17
2.857580310580517	0.2670360820874429	-2.220446049250313e-16
2.8635836305607283	0.2699517333857543	-1.249000902703301e-16
2.8695869505409393	0.27284654316617546	5.724587470723463e-17
2.8755902705211502	0.27571967381291385	-2.7755575615628914e-17
2.8815935905013617	0.2785702962167026	0.0
2.8875969104815726	0.28139759001045067	1.5265566588595902e-16
2.893600230461784	0.2842007437986195	2.3592239273284576e-16
2.899603550441995	0.28697895538029566	1.3877787807814457e-16
2.9056068704222064	0.28973143196584483	-8.326672684688674e-17
2.9116101904024174	0.29245739038715035	1.8041124150158794e-16
2.917613510382629	0.29515605730137806	-2.3592239273284576e-16
2.92361683036284	0.29782666938822466	2.5673907444456745e-16
2.929620150343051	0.30046847354070744	-1.3877787807814457e-17
2.935623470323262	0.3030807270495016	2.8449465006019636e-16
2.941626790303473	0.3056626977808013	1.6653345369377348e-16
2.9476301102836846	0.30821366434784525	0.0
2.9536334302638956	0.3107329162761188	-1.1102230246251565e-16
2.959636750244107	0.3132197541623043	4.0245584642661925e-16
2.965640070224318	0.31567348982714444	-2.7755575615628914e-17
2.9716433902045294	0.3180934464622104	5.551115123125783e-17
2.9776467101847404	0.32047895877085686	3.0531133177191805e-16
2.9836500301649513	0.3228293731033347	-1.3877787807814457e-16
2.9896533501451628	0.32514404758634	2.7755575615628914e-17
2.9956566701253737	0.32742235224706506	2.3592239273284576e-16
