0.0	-3.6039065842009225e-05	0.006003001269817895
0.00600331998021117	-0.00014414684342831238	0.01200409040097476
0.01200663996042234	-0.00032429506608818576	0.01800135587349546
0.01800995994063351	-0.0005764365993150018	0.02399288740505271
0.02401327992084468	-0.0009005054063394007	0.02997677657019552
0.03001659990105585	-0.001296416499983688	0.03595111742037305
0.03601991988126702	-0.0017640658815351483	0.0419140071047505
0.04202323986147819	-0.002303330467054287	0.04786354649198978
0.04802655984168936	-0.0029140680016093512	0.0537978407932986
0.05402987982190053	-0.003596116962330132	0.059715000186719526
0.0600331998021117	-0.00434929645095431	0.0656131404429681
0.06603651978232288	-0.005173406076749397	0.07149038355281132
0.07203983976253404	-0.006068225830815966	0.0773448583561016
0.07804315974274521	-0.007033515952819348	0.08317470117250607
0.08404647972295638	-0.008069016791292688	0.08897805643396457
0.09004979970316755	-0.009174448658695891	0.09475307731882962
0.09605311968337872	-0.010349511682515123	0.10049792638767346
0.10205643966358989	-0.011593885653715528	0.10621077622067762
0.10805975964380106	-0.012907229873915453	0.11188981005643005
0.11406307962401223	-0.014289183002709937	0.11753322243201725
0.1200663996042234	-0.015739362906568057	0.12313921982417665
0.12606971958443458	-0.017257366510789268	0.128706021291253
0.13207303956464575	-0.01884276965600365	0.13423185911567917
0.13807635954485692	-0.020495126960715624	0.13971497944664857
0.1440796795250681	-0.022213971691373062	0.14515364294259775
0.15008299950527926	-0.02399881564146628	0.15054612541306062
0.15608631948549043	-0.02584914902111949	0.15589071845946198
0.1620896394657016	-0.02776444035861958	0.16118573011432683
0.16809295944591277	-0.029744136415300354	0.16642948547836128
0.17409627942612393	-0.031787662115142085	0.17162032735484004
0.1800995994063351	-0.033894420490423634	0.17675661688065086
0.18610291938654627	-0.036063792644670745	0.18183673415338014
0.19210623936675744	-0.03829513773412109	0.18685907885373235
0.1981095593469686	-0.04058779296881625	0.19182207086255015
0.20411287932717978	-0.04294107363439588	0.19672415087175688
0.21011619930739095	-0.04535427313552859	0.20156378098836697
0.21611951928760212	-0.04782666306188832	0.20633944533087423
0.2221228392678133	-0.050357493277445306	0.21104965061715175
0.22812615924802446	-0.052945992033752554	0.21569292674306106
0.23412947922823563	-0.055591366107820464	0.22026782735098613
0.2401327992084468	-0.058292800965042656	0.2247729303874254
0.24613611918865796	-0.06104946094755623	0.22920683864885935
0.25213943916886916	-0.06386048948825984	0.23356818031503299
0.2581427591490803	-0.06672500935066449	0.23785560946888346
0.2641460791292915	-0.06964212289457906	0.24206780660228544
0.27014939910950264	-0.0726109123675636	0.24620347910688617
0.27615271908971384	-0.07563044022192224	0.2502613617492155
0.282156039069925	-0.0786997494569529	0.254240217129432
0.2881593590501362	-0.08181786398601185	0.25813883612294747
0.2941626790303473	-0.08498378902784366	0.26195603830428904
0.3001659990105585	-0.08819651152157948	0.26569067235265653
0.30616931899076966	-0.09145500056462014	0.26934161643851384
0.31217263897098085	-0.0947582078725881	0.27290777859077897
0.318175958951192	-0.09810506826041429	0.27638809704412776
0.3241792789314032	-0.1014945001435216	0.27978154056598137
0.33018259891161433	-0.10492540605803694	0.28308710876291365
0.33618591889182553	-0.10839667319880492	0.2863038323660916
0.34218923887203667	-0.11190717397401431	0.2894307734956551
0.34819255885224787	-0.11545576657506756	0.29246702590375995
0.354195878832459	-0.11904129556038559	0.29541171519634823
0.3601991988126702	-0.12266259245168559	0.2982639990334807
0.36620251879288135	-0.12631847634131238	0.30102306730846484
0.37220583877309255	-0.13000775450913646	0.30368814230574726
0.3782091587533037	-0.13372922304749096	0.30625847883789586
0.3842124787335149	-0.13748166749266486	0.3087333643618818
0.3902157987137261	-0.1412638634613843	0.31111211907501324
0.3962191186939372	-0.14507457729079593	0.3133940959909645
0.4022224386741484	-0.148912566680395	0.31557868099631925
0.40822575865435956	-0.152776581334443	0.3176652928882162
0.41422907863457076	-0.15666536360337174	0.31965338339366467
0.4202323986147819	-0.1605776491227398	0.3215424371711705
0.4262357185949931	-0.16451216744838812	0.32333197179547346
0.43223903857520424	-0.16846764268634884	0.32502153772596853
0.43824235855541543	-0.1724427941163453	0.3266107182598387
0.4442456785356266	-0.17643633680753754	0.32809912947054987
0.4502489985158378	-0.18044698222538824	0.32948642013266605
0.4562523184960489	-0.18447343882860182	0.33077227163390677
0.4622556384762601	-0.18851441265505223	0.33195639787533787
0.46825895845647125	-0.19256860789580976	0.3330385451606458
0.47426227843668245	-0.19663472745641292	0.3340184920754775
0.4802655984168936	-0.20071147350462454	0.3348960493577774
0.4862689183971048	-0.20479754800404065	0.33567105976016426
0.49227223837731593	-0.20889165323292286	0.3363433979051871
0.4982755583575271	-0.21299249228785933	0.3369129701345604
0.5042788783377383	-0.21709876957181096	0.3373797143531747
0.5102821983179494	-0.221209191266317	0.3377435998688824
0.5162855182981606	-0.22532246578767784	0.3380046272289505
0.5222888382783718	-0.22943730422700934	0.33816282805396825
0.528292158258583	-0.23355242077418636	0.33821826487002554
0.5342954782387941	-0.2376665331258423	0.3381710309400319
0.5402987982190053	-0.24177836287751606	0.33802125009473544
0.5463021181992165	-0.24588663590037596	0.3377690765642529
0.5523054381794277	-0.24999008270275286	0.3374146948106071
0.5583087581596388	-0.2540874387770599	0.3369583193618999
0.56431207813985	-0.2581774449325167	0.3364001946484998
0.5703153981200612	-0.2622588476144192	0.33574059484181357
0.5763187181002724	-0.2663303992104626	0.3349798236957805
0.5823220380804836	-0.2703908583449861	0.3341182143915341
0.5883253580606946	-0.2744389901618411	0.33315612938530575
0.5943286780409058	-0.2784735665967572	0.33209396025976656
0.600331998021117	-0.2824933666400472	0.3309321275787764
0.6063353180013282	-0.2864971765905924	0.3296710807455456
0.6123386379815393	-0.2904837903020384	0.3283112978641052
0.6183419579617505	-0.294452009422123	0.3268532856038276
0.6243452779419617	-0.29840064362618657	0.3252975790668242
0.6303485979221729	-0.30232851084574797	0.32364474165777424
0.636351917902384	-0.30623443749323664	0.3218953649558794
0.6423552378825952	-0.31011725868371975	0.32005006858833784
0.6483585578628064	-0.31397581845474287	0.31810950010494643
0.6543618778430176	-0.3178089699850595	0.3160743348530294
0.6603651978232287	-0.3216155758132899	0.3139452758522023
0.6663685178034399	-0.3253945080573052	0.31172305366809133
0.6723718377836511	-0.3291446486352302	0.30940842628435256
0.6783751577638623	-0.33286488948878634	0.3070021789720723
0.6843784777440733	-0.3365541328097992	0.30450512415576236
0.6903817977242845	-0.3402112912704538	0.30191810127494845
0.6963851177044957	-0.34383528825802523	0.29924197664053875
0.7023884376847069	-0.3474250581145572	0.29647764328494186
0.708391757664918	-0.3509795463819952	0.2936260208049558
0.7143950776451292	-0.3544977100531986	0.2906880551964932
0.7203983976253404	-0.3579785178291616	0.28766471868011756
0.7264017176055516	-0.3614209503827005	0.28455700951642154
0.7324050375857627	-0.36482400062874776	0.28136595181022583
0.7384083575659739	-0.3681866740014004	0.27809259530269914
0.7444116775461851	-0.37150798873772156	0.2747380151504111
0.7504149975263963	-0.3747869761681398	0.27130331169037025
0.7564183175066074	-0.3780226810134267	0.26778961019024927
0.7624216374868186	-0.3812141616879011	0.26419806058287315
0.7684249574670298	-0.3843604906085841	0.26052983718419653
0.774428277447241	-0.3874607545099206	0.2567861383940603
0.7804315974274522	-0.39051405476352413	0.25296818637894625
0.7864349174076632	-0.39351950770249194	0.24907722673620314
0.7924382373878744	-0.39647624494956313	0.24511452813911805
0.7984415573680856	-0.39938341374853126	0.24108138196238776
0.8044448773482968	-0.40224017729810035	0.2369791018875267
0.8104481973285079	-0.40504571508735576	0.2328090234879093
0.8164515173087191	-0.40779922323208884	0.2285725037932428
0.8224548372889303	-0.41049991481095205	0.22427092083319322
0.8284581572691415	-0.41314702020058675	0.21990567316023701
0.8344614772493526	-0.41573978740864703	0.215478179351598
0.8404647972295638	-0.41827748240385265	0.21098987749056378
0.846468117209775	-0.420759389441848	0.20644222462719453
0.8524714371899862	-0.42318481138601477	0.20183669621888523
0.8584747571701973	-0.4255530700220019	0.19717478555106038
0.8644780771504085	-0.42786350636506115	0.19245800313856845
0.8704813971306197	-0.4301154809590337	0.18768787610829513
0.8764847171108309	-0.4323083741660058	0.18286594756370342
0.882488037091042	-0.43444158644560243	0.17799377593205262
0.8884913570712532	-0.4365145386228568	0.1730729342951026
0.8944946770514643	-0.43852667214381935	0.1681050097042985
0.9004979970316755	-0.4404774493178503	0.16309160248137478
0.9065013170118866	-0.4423663535458305	0.15803432550550153
0.9125046369920978	-0.4441928895333624	0.152934803488099
0.918507956972309	-0.44595658348827616	0.14779467223655146
0.9245112769525202	-0.4476569833016614	0.14261557790807403
0.9305145969327313	-0.4492936587118236	0.13739917625508594
0.9365179169129425	-0.45086620145057954	0.13214713186342575
0.9425212368931537	-0.4523742253714038	0.12686111738488987
0.9485245568733649	-0.45381736655896876	0.12154281276545095
0.954527876853576	-0.4551952834198158	0.11619390447074035
0.9605311968337872	-0.4565076567538098	0.11081608471018442
0.9665345168139984	-0.4577541898062464	0.10541105066137497
0.9725378367942096	-0.45893460830058613	0.09998050369619552
0.9785411567744208	-0.460048660451737	0.09452614861016077
0.9845444767546319	-0.461096116959986	0.08904969285649858
0.9905477967348431	-0.46207677098578703	0.08355284578648131
0.9965511167150543	-0.4629904381057044	0.07803731789746085
1.0025544366952654	-0.4638369562497451	0.07250482008999895
1.0085577566754766	-0.46461618562065554	0.0669570629355557
1.0145610766556878	-0.46532800859557477	0.06139575595600158
1.0205643966358988	-0.4659723296106887	0.055822606916331306
1.02656771661611	-0.46654907502958004	0.05023932113176449
1.0325710365963212	-0.4670581929958872	0.04464760079039193
1.0385743565765324	-0.46749965327124543	0.03904914429253811
1.0445776765567436	-0.4678734470592144	0.03344564560778976
1.0505809965369548	-0.4681795868161522	0.027838793650694055
1.056584316517166	-0.468418106050037	0.022230271675955232
1.0625876364973772	-0.4685890591081991	0.01662175669392693
1.0685909564775882	-0.4686925209550685	0.011014918907048865
1.0745942764577994	-0.4687285869408671	0.005411421167867886
1.0805975964380106	-0.4686973725625498	-0.0001870815409357185
1.0866009164182218	-0.46859901321792913	-0.005778942604076742
1.092604236398433	-0.4684336639542561	-0.011362524248477751
1.0986075563786442	-0.4682014992122908	-0.01693619799519755
1.1046108763588554	-0.46790271256704985	-0.02249834508835727
1.1106141963390666	-0.4675375164663689	-0.028047356901142045
1.1166175163192775	-0.4671061419682828	-0.03358163531892289
1.1226208362994887	-0.46660883847849965	-0.039099593099806595
1.1286241562797	-0.46604587348884174	-0.04459965421286319
1.1346274762599111	-0.4654175323178247	-0.050080254154522746
1.1406307962401223	-0.4647241178542163	-0.05553984024357064
1.1466341162203335	-0.4639659503046843	-0.06097687189542707
1.1526374362005447	-0.4631433669462895	-0.06638982087636938
1.158640756180756	-0.4622567218846661	-0.07177717153844507
1.164644076160967	-0.4613063858187643	-0.07713742103598203
1.170647396141178	-0.4602927458127569	-0.08246907952460505
1.1766507161213893	-0.4592162050757635	-0.08777067034371949
1.1826540361016005	-0.45807718275001885	-0.09304073018359989
1.1886573560818117	-0.45687611370783426	-0.09827780923811374
1.1946606760620229	-0.4556134483579813	-0.10348047134432858
1.200663996042234	-0.45428965246156533	-0.10864729411016656
1.2066673160224453	-0.4529052069578155	-0.11377686903135606
1.2126706360026565	-0.45146060779989694	-0.11886780159902824
1.2186739559828674	-0.4499563658007896	-0.12391871139916602
1.2246772759630786	-0.4483930064892698	-0.1289282322053177
1.2306805959432898	-0.44677106997587945	-0.13389501206590118
1.236683915923501	-0.44509111082864333	-0.13881771338737264
1.2426872359037122	-0.4433536979583965	-0.143695013014664
1.2486905558839234	-0.44155941451326164	-0.1485256023102123
1.2546938758641346	-0.43970885778189384	-0.1533081872328491
1.2606971958443458	-0.4378026391050336	-0.1580414884178693
1.2667005158245568	-0.43584138379467635	-0.16272424125952523
1.272703835804768	-0.4338257310603739	-0.16735519599712753
1.2787071557849792	-0.4317563339417754	-0.17193311780600254
1.2847104757651904	-0.42963385924679065	-0.17645678689431707
1.2907137957454016	-0.42745898749447797	-0.18092499860695768
1.2967171157256128	-0.42523241286170776	-0.18533656353734854
1.302720435705824	-0.4229548431328356	-0.1896903076482581
1.3087237556860352	-0.4206269996512039	-0.19398507240234186
1.3147270756662461	-0.4182496172716329	-0.19821971490331586
1.3207303956464573	-0.41582344431276336	-0.20239310804840754
1.3267337156266685	-0.41334924250823657	-0.20650414069271644
1.3327370356068797	-0.41082778695559463	-0.21055171782603638
1.338740355587091	-0.4082598660617746	-0.21453476076256076
1.3447436755673021	-0.40564628148430126	-0.21845220734387888
1.3507469955475133	-0.4029878480667428	-0.22230301215544412
1.3567503155277245	-0.40028539376761774	-0.22608614675673974
1.3627536355079357	-0.3975397595815989	-0.22980059992517238
1.3687569554881467	-0.3947517994519467	-0.23344537791373188
1.3747602754683579	-0.39192238017314784	-0.23701950472216307
1.380763595448569	-0.3890523812828056	-0.24052202238158923
1.3867669154287803	-0.38614269494181264	-0.24395199125211886
1.3927702354089915	-0.3831942258019352	-0.247308490333138
1.3987735553892027	-0.38020789085989043	-0.250590617585741
1.4047768753694139	-0.3771846192972923	-0.2537974902667094
1.410780195349625	-0.3741253523055097	-0.25692824527337155
1.416783515329836	-0.37103104289500877	-0.25998203949858656
1.4227868353100472	-0.3679026556884666	-0.2629580501950458
1.4287901552902584	-0.36474116669716705	-0.26585547534792425
1.4347934752704696	-0.36154756308030905	-0.2686735340549947
1.4407967952506808	-0.35832284288683003	-0.2714114669130638
1.446800115230892	-0.3550680147795228	-0.27406853640973666
1.4528034352111032	-0.3517840977412702	-0.2766440273192926
1.4588067551913144	-0.34847212076334383	-0.2791372471015094
1.4648100751715254	-0.3451331225157251	-0.28154752630218977
1.4708133951517366	-0.34176815099967883	-0.28387421895414716
1.4768167151319478	-0.33837826318263087	-0.2861167029773104
1.482820035112159	-0.3349645246157918	-0.28827438057669325
1.4888233550923702	-0.331528009034825	-0.29034667863688796
1.4948266750725814	-0.3280697979440227	-0.29233304911168
1.5008299950527926	-0.3245909801846917	-0.29423296940757193
1.5068333150330038	-0.3210926514881807	-0.29604594275978635
1.5128366350132147	-0.31757591401453006	-0.29777149859950314
1.518839954993426	-0.31404187587736393	-0.29940919291101753
1.5248432749736371	-0.3104916506559986	-0.30095860857754747
1.5308465949538483	-0.30692635689573877	-0.3024193557144743
1.5368499149340595	-0.3033471175973519	-0.30379107198882993
1.5428532349142707	-0.2997550596967922	-0.3050734229238574
1.548856554894482	-0.29615131353637825	-0.3062661021875863
1.5548598748746931	-0.2925370123285604	-0.30736883186435804
1.5608631948549043	-0.28891329161351964	-0.3083813627083426
1.5668665148351153	-0.2852812887118691	-0.30930347437809436
1.5728698348153265	-0.28164214217377326	-0.31013497565136017
1.5788731547955377	-0.277996991225706	-0.31087570461925323
1.584876474775749	-0.27434697521638374	-0.3115255288592867
1.59087979475596	-0.27069323306296744	-0.31208434558644293
1.5968831147361713	-0.26703690269903757	-0.3125520817818376
1.6028864347163825	-0.2633791205256164	-0.3129286942985078
1.6088897546965937	-0.2597210208665937	-0.31321416994397655
1.6148930746768047	-0.2560637354297652	-0.3134085255392174
1.6208963946570158	-0.25240839277484894	-0.31351180795388206
1.626899714637227	-0.24875611778966372	-0.31352409411766224
1.6329030346174382	-0.24510803117563434	-0.31344549100768826
1.6389063545976494	-0.24146524894384705	-0.3132761356120882
1.6449096745778606	-0.23782888192264107	-0.31301619486973287
1.6509129945580718	-0.234200035277837	-0.3126658655864789
1.656916314538283	-0.23057980804651707	-0.31222537432805364
1.662919634518494	-0.22696929268526433	-0.3116949772900544
1.6689229544987052	-0.22336957463370416	-0.3110749601454207
1.6749262744789164	-0.21978173189397066	-0.3103656378698349
1.6809295944591276	-0.21620683462693174	-0.3095673545457426
1.6869329144393388	-0.21264594476556317	-0.30868048314539775
1.69293623441955	-0.20910011564603267	-0.3077054252937619
1.6989395543997612	-0.20557039165689905	-0.30664261101196105
1.7049428743799724	-0.20205780790664496	-0.3054924984419505
1.7109461943601834	-0.1985633899098258	-0.30425557355333044
1.7169495143403946	-0.1950881532918759	-0.30293234983308337
1.7229528343206058	-0.19163310351262192	-0.3015233679591065
1.728956154300817	-0.18819923560844892	-0.30002919545849815
1.7349594742810281	-0.1847875339528816	-0.2984504263514612
1.7409627942612393	-0.18139897203538996	-0.2967876807818
1.7469661142414505	-0.17803451225803485	-0.2950416046349646
1.7529694342216617	-0.17469510574955635	-0.2932128691446206
1.758972754201873	-0.17138169219637017	-0.29130217048864365
1.764976074182084	-0.16809519968987247	-0.28931022937558876
1.770979394162295	-0.16483654458946334	-0.28723779062252774
1.7769827141425063	-0.16160663140050652	-0.2850856227252682
1.7829860341227175	-0.1584063526664222	-0.2828545174217729
1.7889893541029287	-0.15523658887413805	-0.2805452892498237
1.79499267408314	-0.15209820837192958	-0.2781587750997014
1.800995994063351	-0.14899206729876352	-0.27569583376284257
1.8069993140435623	-0.14591900952407746	-0.27315734547719406
1.8130026340237733	-0.14287986659713525	-0.2705442114702057
1.8190059540039845	-0.13987545770470303	-0.2678573535000486
1.8250092739841957	-0.13690658963619612	-0.26509771339596416
1.8310125939644069	-0.13397405675502858	-0.2622662525982331
1.837015913944618	-0.13107864097525307	-0.2593639516986307
1.8430192339248292	-0.1282211117422762	-0.2563918099817474
1.8490225539050404	-0.12540222601663328	-0.2533508449678325
1.8550258738852516	-0.12262272825976182	-0.25024209195768965
1.8610291938654626	-0.11988335042068836	-0.247066603579983
1.8670325138456738	-0.11718481192265631	-0.2438254493414672
1.873035833825885	-0.11452781964867123	-0.24051971518039136
1.8790391538060962	-0.11191306792504048	-0.23715050302348523
1.8850424737863074	-0.1093412385019699	-0.23371893034675675
1.8910457937665186	-0.10681300053040066	-0.23022612974027615
1.8970491137467298	-0.10432901053423395	-0.22667324847714776
1.903052433726941	-0.1018899123772525	-0.2230614480868525
1.909055753707152	-0.0994963372239896	-0.21939190393292135
1.9150590736873632	-0.09714890349399687	-0.21566580479508074
1.9210623936675744	-0.09484821680890539	-0.21188435245583304
1.9270657136477856	-0.09259486993184228	-0.20804876129142338
1.9330690336279968	-0.09038944269879046	-0.20416025786713077
1.939072353608208	-0.08823250194156934	-0.20022008053679824
1.9450756735884192	-0.08612460140217537	-0.19622947904642926
1.9510789935686303	-0.08406628163836014	-0.19218971414168645
1.9570823135488415	-0.08205806992034134	-0.18810205717915998
1.9630856335290525	-0.08010048011860663	-0.1839677897411033
1.9690889535092637	-0.07819401258298465	-0.17978820325349432
1.975092273489475	-0.07633915401303121	-0.17556459860709944
1.9810955934696861	-0.07453637732005643	-0.17129828578134215
1.9870989134498973	-0.07278614148106544	-0.16699058347069684
1.9931022334301085	-0.07108889138500199	-0.16264281871327219
1.9991055534103197	-0.06944505767176667	-0.1582563265213993
2.005108873390531	-0.06785505656455043	-0.15383244951387504
2.011112193370742	-0.06631928969604473	-0.14937253754961666
2.0171155133509533	-0.06483814392923887	-0.14487794736245221
2.0231188333311643	-0.06341199117346977	-0.14035004219678823
2.0291221533113757	-0.062041188196512886	-0.13579019144390528
2.0351254732915867	-0.060726076433521715	-0.13119977027861818
2.0411287932717976	-0.05946698179373407	-0.12658015929613242
2.047132113252009	-0.05826421446573406	-0.12193274414886521
2.05313543323222	-0.05711806872229116	-0.11725891518303233
2.0591387532124314	-0.056028822725708305	-0.11256006707488828
2.0651420731926424	-0.05499673833461071	-0.10783759846642907
2.071145393172854	-0.0540220609132498	-0.10309291160050986
2.077148713153065	-0.05310501914423561	-0.09832741195524569
2.083152033133276	-0.052245824845764594	-0.0935425078776623
2.089155353113487	-0.05144467279432102	-0.0887396102165493
2.095158673093698	-0.050701740553785554	-0.08392013195455018
2.1011619930739096	-0.05001718831202262	-0.07908548783946724
2.1071653130541206	-0.04939115872581219	-0.07423709401489122
2.113168633034332	-0.048823776775075205	-0.0693763676502071
2.119171953014543	-0.04831514962728942	-0.06450472657007264
2.1251752729947544	-0.04786536651292739	-0.05962358888355647
2.1311785929749654	-0.0474744986127424	-0.05473437261303095
2.1371819129551763	-0.04714259895760106	-0.04983849532307686
2.1431852329353878	-0.04686970234165527	-0.044937373749521545
2.1491885529155987	-0.046655825249402975	-0.040032423428925094
2.15519187289581	-0.04650096579728525	-0.03512505832867748
2.161195192876021	-0.04640510369028305	-0.030216690478016762
2.1671985128562326	-0.04636820019400781	-0.025308729600221742
2.1732018328364435	-0.046390198122612025	-0.02040258274626404
2.179205152816655	-0.04647102184287872	-0.015499653930193709
2.185208472796866	-0.04661057729464948	-0.010601343766571474
2.191211792777077	-0.04680875202776562	-0.005709049110235998
2.1972151127572883	-0.047065415255635866	-0.0008241626987270604
2.2032184327374993	-0.047380417925341256	0.004051927202423953
2.2092217527177107	-0.04775359280423781	0.008917837151140638
2.2152250726979217	-0.0481847545828984	0.01377218887678286
2.221228392678133	-0.048673699994108886	0.018613609624372578
2.227231712658344	-0.049220207947662756	0.023440732494827587
2.233235032638555	-0.04982403968048859	0.028252196780966493
2.2392383526187665	-0.05048493892171791	0.03304664829906333
2.2452416725989774	-0.05120263207209738	0.03782273971575603
2.251244992579189	-0.051976828397213425	0.04257913087017835
2.2572483125594	-0.05280722023379499	0.0473144890911526
2.2632516325396113	-0.05369348320843968	0.052027489509309785
2.2692549525198222	-0.054635276467981005	0.056716815364095965
2.2752582725000337	-0.055632242920643234	0.06138115830559569
2.2812615924802446	-0.056684009487141855	0.06601921869116047
2.2872649124604556	-0.057790187360834674	0.07062970587682996
2.293268232440667	-0.05895037227596851	0.07521133850363275
2.299271552420878	-0.0601641447830681	0.07976284477882108
2.3052748724010894	-0.061431070530467084	0.08428296275215827
2.3112781923813004	-0.06275070055098314	0.08877044058741436
2.317281512361512	-0.06412257155272029	0.09322403682923582
2.323284832341723	-0.06554620621297637	0.09764252066561478
2.329288152321934	-0.06702111347421831	0.10202467218618086
2.335291472302145	-0.068546788841182	0.10636928263661799
2.341294792282356	-0.07012271467795908	0.11067515466946928
2.3472981122625676	-0.07174836050425451	0.1149411025916672
2.3533014322427785	-0.07342318328974039	0.11916595260914993
2.35930475222299	-0.07514662774562196	0.12334854306889806
2.365308072203201	-0.07691812661252226	0.12748772469882816
2.3713113921834124	-0.07873710094384245	0.1315823608458802
2.3773147121636233	-0.08060296038378269	0.1356313277127878
2.3833180321438343	-0.08251510343926738	0.13963351459387485
2.3893213521240457	-0.08447291774509108	0.14358782411037735
2.3953246721042567	-0.08647578032164112	0.14749317244569235
2.401327992084468	-0.08852305782461001	0.15134848958096614
2.407331312064679	-0.09061410678618878	0.15515271953151333
2.4133346320448905	-0.09274827384730523	0.15890482058442346
2.4193379520251015	-0.09492489598054596	0.16260376553780082
2.425341272005313	-0.09714330070342561	0.1662485419420196
2.431344591985524	-0.09940280628183079	0.16983815234339494
2.437347911965735	-0.1017027219234524	0.1733716145305998
2.4433512319459463	-0.10404234796116699	0.17684796178416803
2.4493545519261573	-0.10642097602635492	0.18026624312941275
2.4553578719063687	-0.1088378892122475	0.18362552359301054
2.4613611918865796	-0.11129236222747133	0.18692488446347497
2.467364511866791	-0.11378366154004335	0.1901634235557888
2.473367831847002	-0.11631104551208137	0.19334025548026482
2.479371151827213	-0.11887376452568249	0.19645451191583102
2.4853744718074244	-0.12147106110038058	0.19950534188782698
2.4913777917876354	-0.12410217000269996	0.20249191205022982
2.497381111767847	-0.12676631834847638	0.2054134069724608
2.503384431748058	-0.12946272569846234	0.20826902943054532
2.5093877517282692	-0.13219060414803052	0.21105800070262715
2.51539107170848	-0.13494915841175076	0.21377956086861394
2.5213943916886916	-0.13773758590349258	0.21643296911369528
2.5273977116689026	-0.1405550768131161	0.21901750403555797
2.5334010316491136	-0.143400814180477	0.2215324639548817
2.539404351629325	-0.14627397396775457	0.22397716722874084
2.545407671609536	-0.14917372513103305	0.22635095256652632
2.5514109915897474	-0.1520992296920879	0.22865317934785137
2.5574143115699584	-0.1550496428113894	0.23088322794191146
2.5634176315501698	-0.15802411286332935	0.2330405000277344
2.5694209515303807	-0.16102178151459345	0.2351244189146132
2.575424271510592	-0.1640417838068336	0.23713442986214905
2.581427591490803	-0.16708324824443327	0.23907000039905899
2.587430911471014	-0.17014529688849006	0.24093062064003784
2.5934342314512255	-0.17322704545788883	0.24271580359987885
2.5994375514314365	-0.17632760343844603	0.2444250855039729
2.605440871411648	-0.17944607420093148	0.24605802609428276
2.611444191391859	-0.18258155512889995	0.24761420892999003
2.6174475113720703	-0.18573313775707798	0.24909324168175312
2.6234508313522813	-0.1888999079211408	0.25049475641873525
2.6294541513324923	-0.1920809459194473	0.2518184098873396
2.6354574713127037	-0.19527532668752204	0.2530638837807431
2.6414607912929147	-0.19848211998574755	0.2542308849981961
2.647464111273126	-0.20170039060081116	0.2553191458931148
2.653467431253337	-0.20492919856137476	0.256328424508963
2.6594707512335485	-0.20816759936825568	0.2572585048019522
2.6654740712137595	-0.21141464423945713	0.2581091968495601
2.671477391193971	-0.21466938037022507	0.2588803370439766
2.677480711174182	-0.2179308512082248	0.2595717882694553
2.683484031154393	-0.22119809674392138	0.26018344006273647
2.6894873511346042	-0.22447015381604568	0.26071520875562487
2.695490671114815	-0.22774605643205545	0.2611670375989089
2.7014939910950266	-0.23102483610335553	0.26153889686683474
2.7074973110752376	-0.23430552219493467	0.26183078394134424
2.713500631055449	-0.23758714228907346	0.2620427233754401
2.71950395103566	-0.24086872256260447	0.2621747669349625
2.7255072710158714	-0.24414928817718273	0.2622269936183024
2.7315105909960824	-0.24742786368192832	0.26219950965342304
2.7375139109762934	-0.25070347342774524	0.26209244847181934
2.743517230956505	-0.25397514199250937	0.2619059706590259
2.7495205509367158	-0.25724189461629277	0.2616402638813332
2.755523870916927	-0.26050275764572606	0.26129554278854206
2.761527190897138	-0.26375675898645284	0.26087204889256116
2.7675305108773496	-0.26700292856279156	0.26037005042185896
2.7735338308575606	-0.2702402987833983	0.25978984215168094
2.7795371508377715	-0.27346790501190926	0.2591317452102553
2.785540470817983	-0.27668478604134616	0.2583961068611081
2.791543790798194	-0.2798899845711851	0.25758330026178045
2.7975471107784053	-0.2830825476857967	0.25669372419930914
2.8035504307586163	-0.28626152733315013	0.2557278028029636
2.8095537507388277	-0.28942598080244447	0.25468598523469793
2.8155570707190387	-0.29257497119949033	0.2535687453580004
2.82156039069925	-0.29570756791867275	0.25237658138579644
2.827563710679461	-0.29882284711012314	0.25111001550820283
2.833567030659672	-0.3019198921411021	0.24976959350101197
2.8395703506398835	-0.30499779405021565	0.24835588431573521
2.8455736706200945	-0.30805565199351415	0.24686947965234712
2.851576990600306	-0.31109257368117976	0.2453109935156188
2.857580310580517	-0.3141076758038851	0.24368106175632986
2.8635836305607283	-0.3171000844477032	0.24198034159839188
2.8695869505409393	-0.32006893549666227	0.24020951115318492
2.8755902705211502	-0.3230133750219984	0.2383692689223732
2.8815935905013617	-0.3259325596572783	0.23646033329047536
2.8875969104815726	-0.32882565695860533	0.23448344200855953
2.893600230461784	-0.33169184574918775	0.23243935167039784
2.899603550441995	-0.33453031644768716	0.23032883718253672
2.9056068704222064	-0.3373402713796903	0.22815269122958798
2.9116101904024174	-0.3401209250719446	0.22591172373625645
2.917613510382629	-0.34287150452886084	0.22360676132743007
2.92361683036284	-0.34559124949100994	0.22123864678777572
2.929620150343051	-0.34827941267541035	0.21880823852223363
2.935623470323262	-0.35093525999741637	0.21631641001878738
2.941626790303473	-0.35355807077415446	0.21376404931482226
2.9476301102836846	-0.3561471379095568	0.21115205846841212
2.9536334302638956	-0.35870176806108434	0.2084813530358549
2.959636750244107	-0.36122128178831553	0.20575286155655761
2.965640070224318	-0.363705013683705	0.20296752504661703
2.9716433902045294	-0.3661523124857778	0.20012629650208724
2.9776467101847404	-0.368562541175332	0.19723014041305553
2.9836500301649513	-0.3709350770549691	0.1942800322895255
2.9896533501451628	-0.37326931181261225	0.19127695819999696
2.9956566701253737	-0.3755646515696401	0.1882219143236296
