0.0	-3.603871258184288e-05	-0.006003001271904673
0.00600331998021117	-0.0001441411937546655	-0.012004090468353545
0.01200663996042234	-0.0003242664839874787	-0.01800135638636996
0.01800995994063351	-0.0005763463520590539	-0.023992889567411246
0.02401327992084468	-0.0009002853475875705	-0.02997678316722696
0.03001659990105585	-0.0012959608734066652	-0.035951133821883086
0.03601991988126702	-0.0017632232789757118	-0.04191404250993008
0.04202323986147819	-0.0023018959738092537	-0.047863615409289184
0.04802655984168936	-0.002911775561059038	-0.05379796474776233
0.05402987982190053	-0.003592631990502415	-0.05971520964621485
0.0600331998021117	-0.004344208730927945	-0.06561347695351516
0.06603651978232288	-0.005166222961251465	-0.07149090207225572
0.07203983976253404	-0.006058365780051034	-0.0773456297743299
0.07804315974274521	-0.007020302432873826	-0.08317581500544347
0.08404647972295638	-0.008051672556991463	-0.08897962367798012
0.09004979970316755	-0.009152090442594019	-0.09475523345086678
0.09605311968337872	-0.01032114531032724	-0.100500834496281
0.10205643966358989	-0.011558401604225887	-0.10621463025215716
0.10805975964380106	-0.012863399299294531	-0.11189483815976642
0.11406307962401223	-0.014235654223304639	-0.11753969038596734
0.1200663996042234	-0.01567465839190052	-0.12314743452936489
0.12606971958443458	-0.017179880356331778	-0.12871633430992663
0.13207303956464575	-0.018750765562949523	-0.13424467024149145
0.13807635954485692	-0.020386736723976784	-0.13973074028687005
0.1440796795250681	-0.02208719419848354	-0.14517286049510125
0.15008299950527926	-0.023851516382924265	-0.15056936562041306
0.15608631948549043	-0.025679060110470497	-0.1559186097227524
0.1620896394657016	-0.02756916105837215	-0.1612189667496985
0.16809295944591277	-0.029521134162418416	-0.16646883109939153
0.17409627942612393	-0.03153427403797493	-0.17166661816446271
0.1800995994063351	-0.033607855406661724	-0.17681076485695968
0.18610291938654627	-0.03574113352801267	-0.18189973011401434
0.19210623936675744	-0.03793334463531828	-0.18693199538458127
0.1981095593469686	-0.04018370637505708	-0.19190606509689823
0.20411287932717978	-0.04249141824910152	-0.1968204671072128
0.21011619930739095	-0.044855662059158585	-0.20167375312955083
0.21611951928760212	-0.047275602352721324	-0.2064644991469028
0.2221228392678133	-0.04975038686992411	-0.21119130580402978
0.22812615924802446	-0.05227914699080066	-0.21585279878201025
0.23412947922823563	-0.054860998182297394	-0.22044762915501825
0.2401327992084468	-0.0574950404445605	-0.22497447372943807
0.24613611918865796	-0.060180358756074415	-0.2294320353658521
0.25213943916886916	-0.06291602351709247	-0.2338190432840544
0.2581427591490803	-0.06570109099103505	-0.2381342533517271
0.2641460791292915	-0.0685346037433594	-0.24237644835690209
0.27014939910950264	-0.07141559107775164	-0.24654443826494032
0.27615271908971384	-0.07434306946909908	-0.2506370604601611
0.282156039069925	-0.07731604299315209	-0.25465317997288844
0.2881593590501362	-0.0803335037525651	-0.2585916896920647
0.2941626790303473	-0.08339443229905324	-0.2624515105641192
0.3001659990105585	-0.08649779805166241	-0.26623159177850775
0.30616931899076966	-0.08964255971083407	-0.2699309109403353
0.31217263897098085	-0.09282766566827394	-0.2735484742305906
0.318175958951192	-0.09605205441257919	-0.27708331655450724
0.3241792789314032	-0.09931465493040503	-0.280534501678368
0.33018259891161433	-0.10261438710347015	-0.28390112235543774
0.33618591889182553	-0.10595016210105379	-0.2871823004411922
0.34218923887203667	-0.10932088276838647	-0.29037718699859877
0.34819255885224787	-0.11272544401067508	-0.2934849623935537
0.354195878832459	-0.11616273317314674	-0.29650483638121505
0.3601991988126702	-0.11963163041697705	-0.29943604818329195
0.36620251879288135	-0.12313100909144026	-0.3022778665570216
0.37220583877309255	-0.12665973610225822	-0.3050295898558484
0.3782091587533037	-0.13021667227643557	-0.3076905460824419
0.3842124787335149	-0.13380067272367135	-0.3102600929341755
0.3902157987137261	-0.1374105871945921	-0.31273761784149284
0.3962191186939372	-0.14104526043602011	-0.31512253799941237
0.4022224386741484	-0.1447035325433645	-0.3174143003923447
0.40822575865435956	-0.1483842393104673	-0.319612381812569
0.41422907863457076	-0.1520862125770583	-0.32171628887259873
0.4202323986147819	-0.15580828057400614	-0.3237255580114189
0.4262357185949931	-0.1595492682667245	-0.32563975549514707
0.43223903857520424	-0.16330799769657328	-0.3274584774117683
0.43824235855541543	-0.16708328832102293	-0.32918134966059387
0.4442456785356266	-0.17087395735218802	-0.33080802793611114
0.4502489985158378	-0.17467882009431412	-0.33233819770655476
0.4562523184960489	-0.17849669028025283	-0.33377157418719006
0.4622556384762601	-0.18232638040708238	-0.33510790230834503
0.46825895845647125	-0.18616670207105523	-0.3363469566782342
0.47426227843668245	-0.19001646630200997	-0.3374885415405326
0.4802655984168936	-0.19387448389733375	-0.3385324907267431
0.4862689183971048	-0.1977395657556884	-0.3394786676033342
0.49227223837731593	-0.20161052321041983	-0.3403269650135099
0.4982755583575271	-0.20548616836295702	-0.3410773052137194
0.5042788783377383	-0.20936531441597322	-0.34172963980462673
0.5102821983179494	-0.2132467760065953	-0.3422839496566613
0.5162855182981606	-0.2171293695396332	-0.3427402448299841
0.5222888382783718	-0.22101191352067068	-0.3430985644886929
0.528292158258583	-0.2248932288891633	-0.3433589768092703
0.5342954782387941	-0.22877213935153878	-0.34352157888316315
0.5402987982190053	-0.23264747171400318	-0.3435864966132385
0.5463021181992165	-0.23651805621534278	-0.3435538846042408
0.5523054381794277	-0.24038272685924933	-0.34342392604685734
0.5583087581596388	-0.2442403217463896	-0.3431968325955097
0.56431207813985	-0.2480896834058497	-0.34287284423955333
0.5703153981200612	-0.2519296591260359	-0.3424522291679896
0.5763187181002724	-0.2557591012846102	-0.3419352836273235
0.5823220380804836	-0.25957686767762794	-0.34132233177269394
0.5883253580606946	-0.2633818218473327	-0.34061372551201036
0.5943286780409058	-0.2671728334087735	-0.3398098443430683
0.600331998021117	-0.2709487783747486	-0.3389110951835741
0.6063353180013282	-0.2747085394790525	-0.33791791219393164
0.6123386379815393	-0.27845100649775845	-0.3368307565928168
0.6183419579617505	-0.28217507656824503	-0.33565011646537163
0.6243452779419617	-0.2858796545058696	-0.3343765065640702
0.6303485979221729	-0.2895636531179193	-0.33301046810211404
0.636351917902384	-0.2932259935147463	-0.3315525685394668
0.6423552378825952	-0.29686560541769497	-0.33000340136134626
0.6483585578628064	-0.30048142746374273	-0.328363585849361
0.6543618778430176	-0.3040724075065262	-0.326633766845099
0.6603651978232287	-0.3076375029135434	-0.32481461450640176
0.6663685178034399	-0.3111756808593285	-0.32290682405614984
0.6723718377836511	-0.3146859186143964	-0.32091111552383333
0.6783751577638623	-0.31816720382968205	-0.31882823347974465
0.6843784777440733	-0.32161853481637515	-0.3166589467620399
0.6903817977242845	-0.3250389208208184	-0.3144040481966572
0.6963851177044957	-0.3284273822944641	-0.31206435431025914
0.7023884376847069	-0.3317829511586036	-0.3096407050362418
0.708391757664918	-0.3351046710636891	-0.30713396341395904
0.7143950776451292	-0.338391597643224	-0.3045450152813512
0.7203983976253404	-0.341642798762007	-0.30187476896099374
0.7264017176055516	-0.34485735475863355	-0.29912415493980726
0.7324050375857627	-0.34803435868213195	-0.29629412554258766
0.7384083575659739	-0.3511729165227404	-0.2933856545994901
0.7444116775461851	-0.35427214743663693	-0.29039973710761785
0.7504149975263963	-0.3573311839646245	-0.28733738888694016
0.7564183175066074	-0.36034917224479424	-0.2841996462306967
0.7624216374868186	-0.36332527221901584	-0.28098756555051135
0.7684249574670298	-0.366258657833377	-0.27770222301631947
0.774428277447241	-0.3691485172325055	-0.2743447141914329
0.7804315974274522	-0.3719940529477953	-0.27091615366277366
0.7864349174076632	-0.37479448207965965	-0.2674176746666539
0.7924382373878744	-0.37754903647370086	-0.26385042871010833
0.7984415573680856	-0.3802569628910909	-0.26021558518817345
0.8044448773482968	-0.3829175231730328	-0.25651433099715404
0.8104481973285079	-0.38552999439947405	-0.25274787014410444
0.8164515173087191	-0.3880936690422062	-0.24891742335277978
0.8224548372889303	-0.3906078551124159	-0.24502422766613752
0.8284581572691415	-0.39307187630281537	-0.24106953604572323
0.8344614772493526	-0.3954850721244517	-0.2370546169678705
0.8404647972295638	-0.3978467980384186	-0.23298075401723783
0.846468117209775	-0.4001564255824859	-0.22884924547747598
0.8524714371899862	-0.40241334249288396	-0.2246614039194656
0.8584747571701973	-0.40461695282133553	-0.22041855578715897
0.8644780771504085	-0.4067666770475131	-0.21612204098118576
0.8704813971306197	-0.40886195218705257	-0.211773212440365
0.8764847171108309	-0.4109022318952665	-0.20737343572130096
0.882488037091042	-0.412886986566721	-0.202924088576116
0.8884913570712532	-0.4148157034308072	-0.19842656052855961
0.8944946770514643	-0.4166878866434175	-0.19388225244839963
0.9004979970316755	-0.4185030573749321	-0.18929257612448386
0.9065013170118866	-0.42026075389455864	-0.18465895383634318
0.9125046369920978	-0.42196053165117486	-0.17998281792452153
0.918507956972309	-0.42360196335085076	-0.17526561035972976
0.9245112769525202	-0.42518463903102754	-0.17050878231088656
0.9305145969327313	-0.42670816613152157	-0.1657137937121203
0.9365179169129425	-0.42817216956244375	-0.16088211282881038
0.9425212368931537	-0.4295762917690616	-0.1560152158227346
0.9485245568733649	-0.43092019279365856	-0.15111458631633745
0.954527876853576	-0.43220355033453506	-0.14618171495637988
0.9605311968337872	-0.4334260598019849	-0.14121809897663407
0.9665345168139984	-0.434587434371448	-0.13622524176010303
0.9725378367942096	-0.43568740503378306	-0.13120465240053808
0.9785411567744208	-0.4367257206426305	-0.12615784526340978
0.9845444767546319	-0.43770214795883133	-0.12108633954636144
0.9905477967348431	-0.4386164716918939	-0.11599165883915719
0.9965511167150543	-0.4394684945385038	-0.11087533068326544
1.0025544366952654	-0.4402580372178569	-0.10573888613098481
1.0085577566754766	-0.4409849385039576	-0.10058385930432373
1.0145610766556878	-0.44164905525460374	-0.09541178695359293
1.0205643966358988	-0.44225026243699833	-0.0902242080156691
1.02656771661611	-0.4427884531500352	-0.08502266317227847
1.0325710365963212	-0.4432635386428405	-0.07980869440802724
1.0385743565765324	-0.44367544832972017	-0.0745838445684519
1.0445776765567436	-0.44402412980122863	-0.0693496569181693
1.0505809965369548	-0.4443095488311647	-0.06410767469902556
1.056584316517166	-0.44453168937949905	-0.05885944068848059
1.0625876364973772	-0.44469055359091114	-0.05360649675831125
1.0685909564775882	-0.4447861617888699	-0.04835038343370468
1.0745942764577994	-0.44481855246502733	-0.04309263945269659
1.0805975964380106	-0.44478778226377674	-0.03783480132636341
1.0866009164182218	-0.44469392596178503	-0.032578402899589576
1.092604236398433	-0.44453707644239226	-0.027324974912722455
1.0986075563786442	-0.4443173446645665	-0.022076044564074526
1.1046108763588554	-0.44403485962639033	-0.016833135073673122
1.1106141963390666	-0.4436897683228227	-0.011597765248031022
1.1166175163192775	-0.4432822356975876	-0.006371449046443156
1.1226208362994887	-0.442812444589073	-0.0011556951487210476
1.1286241562797	-0.44228059567004274	0.004047993475367662
1.1346274762599111	-0.4416869073810708	0.009238119994773197
1.1406307962401223	-0.44103161585749845	0.014413194143895303
1.1466341162203335	-0.4403149748498773	0.019571732647050588
1.1526374362005447	-0.4395372556377804	0.02471225964058288
1.158640756180756	-0.4386987469367753	0.02983330709239207
1.164644076160967	-0.43779975479867583	0.034933415218716624
1.170647396141178	-0.43684060250482387	0.04001113289802194
1.1766507161213893	-0.43582163045247296	0.04506501808163299
1.1826540361016005	-0.43474319603419886	0.05009363820113766
1.1886573560818117	-0.4336056735102648	0.05509557057222125
1.1946606760620229	-0.432409453874124	0.06006940279472628
1.200663996042234	-0.4311549447108096	0.06501373314887249
1.2066673160224453	-0.4298425700484723	0.06992717098734413
1.2126706360026565	-0.42847277020307634	0.0748083371229753
1.2186739559828674	-0.4270460016161904	0.07965586421208737
1.2246772759630786	-0.42556273668617073	0.08446839713301157
1.2306805959432898	-0.42402346359268067	0.0892445933598367
1.236683915923501	-0.4224286861147216	0.09398312333111236
1.2426872359037122	-0.4207789234423861	0.09868267081334092
1.2486905558839234	-0.4190747099823842	0.10334193325908614
1.2546938758641346	-0.41731659515757796	0.10795962215962118
1.2606971958443458	-0.41550514320074294	0.11253446339188111
1.2667005158245568	-0.4136409329426548	0.1170651975596374
1.272703835804768	-0.41172455759488247	0.12155058032873556
1.2787071557849792	-0.40975662452732653	0.1259893827563625
1.2847104757651904	-0.40773775504090604	0.1303803916141072
1.2907137957454016	-0.4056685841356058	0.13472240970477634
1.2967171157256128	-0.40354976027404843	0.13901425617295693
1.302720435705824	-0.4013819451410452	0.1432547668091395
1.3087237556860352	-0.3991658133991962	0.14744279434741503
1.3147270756662461	-0.39690205244101057	0.15157720875667047
1.3207303956464573	-0.39459136213770635	0.1556568975252015
1.3267337156266685	-0.39223445458503237	0.15968076593881964
1.3327370356068797	-0.3898320538464065	0.16364773735238225
1.338740355587091	-0.38738489569360435	0.167556753454707
1.3447436755673021	-0.3848937273454496	0.17140677452688213
1.3507469955475133	-0.38235930720454664	0.17519677969410896
1.3567503155277245	-0.37978240459253254	0.17892576717102537
1.3627536355079357	-0.3771637994840523	0.18259275450039758
1.3687569554881467	-0.3745042822397574	0.18619677878554242
1.3747602754683579	-0.3718046533385425	0.18973689691630613
1.380763595448569	-0.3690657231092981	0.19321218578872623
1.3867669154287803	-0.36628831146244145	0.1966217425184953
1.3927702354089915	-0.3634732476214495	0.19996468464815453
1.3987735553892027	-0.36062136985450843	0.20324015034840182
1.4047768753694139	-0.3577335252067204	0.206447298613206
1.410780195349625	-0.3548105692327419	0.2095853094492629
1.416783515329836	-0.35185336573031917	0.21265338405946443
1.4227868353100472	-0.34886278647466795	0.21565074502080916
1.4287901552902584	-0.3458397109539627	0.21857663645662628
1.4347934752704696	-0.34278502610598083	0.22143032420346198
1.4407967952506808	-0.3396996260560283	0.22421109597249078
1.446800115230892	-0.33658441185628796	0.22691826150560002
1.4528034352111032	-0.33344029122654095	0.22955115272648585
1.4588067551913144	-0.33026817829645916	0.23210912388640514
1.4648100751715254	-0.32706899334931344	0.2345915517052033
1.4708133951517366	-0.3238436625673341	0.2369978355072555
1.4768167151319478	-0.320593117778475	0.2393273973526694
1.482820035112159	-0.31731829620478214	0.24157968216367964
1.4888233550923702	-0.3140201402121997	0.243754157846386
1.4948266750725814	-0.3106995970617245	0.2458503154078866
1.5008299950527926	-0.3073576186619806	0.2478676690687155
1.5068333150330038	-0.30399516132295606	0.24980575637092706
1.5128366350132147	-0.30061318551094746	0.25166413828148104
1.518839954993426	-0.2972126556044964	0.25344239929115686
1.5248432749736371	-0.2937945396512179	0.2551401475091133
1.5308465949538483	-0.2903598091254122	0.25675701475270474
1.5368499149340595	-0.28690943868626556	0.2582926566329752
1.5428532349142707	-0.28344440593646053	0.25974675263549196
1.548856554894482	-0.27996569118118425	0.2611190061965837
1.5548598748746931	-0.2764742771871118	0.26240914477493216
1.5608631948549043	-0.27297114894141017	0.2636169199184276
1.5668665148351153	-0.2694572934104458	0.2647421073262698
1.5728698348153265	-0.2659336992981083	0.265784506905994
1.5788731547955377	-0.26240135680343457	0.2667439428257139
1.584876474775749	-0.2588612573775716	0.26762026356098534
1.59087979475596	-0.2553143934796307	0.2684133419366104
1.5968831147361713	-0.25176175833144565	0.26912307516289025
1.6028864347163825	-0.2482043456710154	0.26974938486644184
1.6088897546965937	-0.24464314950447352	0.2702922171151618
1.6148930746768047	-0.24107916385635364	0.27075154243739763
1.6208963946570158	-0.23751338251812315	0.271127355835017
1.626899714637227	-0.23394679879481284	0.27141967679014856
1.6329030346174382	-0.23038040524951559	0.2716285492656383
1.6389063545976494	-0.2268151934458389	0.27175404169874096
1.6449096745778606	-0.2232521536880367	0.2717962469878782
1.6509129945580718	-0.2196922747588559	0.2717552824725935
1.656916314538283	-0.2161365436549738	0.27163128990595875
1.662919634518494	-0.2125859453199962	0.27142443541970374
1.6689229544987052	-0.20904146237505067	0.27113490948154806
1.6749262744789164	-0.20550407484683053	0.2707629268448013
1.6809295944591276	-0.20197475989327207	0.2703087264895738
1.6869329144393388	-0.19845449152676398	0.2697725715560406
1.69293623441955	-0.1949442403349485	0.2691547492690153
1.6989395543997612	-0.1914449731993768	0.2684555708537719
1.7049428743799724	-0.18795765301173767	0.26767537144324194
1.7109461943601834	-0.184483238388221	0.2668145099759579
1.7169495143403946	-0.18102268338180044	0.2658733690849595
1.7229528343206058	-0.177576937192723	0.26485235497722937
1.728956154300817	-0.17414694387744611	0.26375189730376225
1.7349594742810281	-0.17073364205610853	0.26257244901996224
1.7409627942612393	-0.16733796461875988	0.26131448623634257
1.7469661142414505	-0.16396083843067433	0.259978508059423
1.7529694342216617	-0.16060318403692275	0.2585650364227374
1.758972754201873	-0.15726591536641332	0.2570746159079562
1.764976074182084	-0.15394993943583313	0.2555078135560024
1.770979394162295	-0.15065615605365595	0.25386521866818634
1.7769827141425063	-0.14738545752460575	0.2521474425973086
1.7829860341227175	-0.1441387283548209	0.250355118528939
1.7889893541029287	-0.14091684495810697	0.24848890125252365
1.79499267408314	-0.13772067536362115	0.24654946692295854
1.800995994063351	-0.13455107892534607	0.24453751281212832
1.8069993140435623	-0.13140890603352584	0.24245375705095784
1.8130026340237733	-0.12829499782880593	0.24029893836183225
1.8190059540039845	-0.1252101859189647	0.23807381578173492
1.8250092739841957	-0.12215529209903464	0.23577916837617852
1.8310125939644069	-0.11913112807479631	0.2334157949440948
1.837015913944618	-0.11613849519032493	0.23098451371398943
1.8430192339248292	-0.11317818415970393	0.22848616203155625
1.8490225539050404	-0.11025097480338358	0.22592159603907713
1.8550258738852516	-0.1073576357894317	0.2232916903467439
1.8610291938654626	-0.10449892438015462	0.2205973376963627
1.8670325138456738	-0.10167558618419759	0.2178394486176093
1.873035833825885	-0.09888835491462455	0.2150189510773497
1.8790391538060962	-0.09613795215314025	0.21213679012220632
1.8850424737863074	-0.09342508712084674	0.20919392751471866
1.8910457937665186	-0.09075045645563279	0.20619134136379436
1.8970491137467298	-0.08811474399662489	0.20313002574933547
1.903052433726941	-0.08551862057582538	0.20001099034183578
1.909055753707152	-0.08296274381709812	0.19683526001723506
1.9150590736873632	-0.08044775794281234	0.19360387446737204
1.9210623936675744	-0.07797429358818997	0.19031788780659376
1.9270657136477856	-0.07554296762358337	0.18697836817478153
1.9330690336279968	-0.07315438298473653	0.1835863973373757
1.939072353608208	-0.07080912851119647	0.18014307028277488
1.9450756735884192	-0.06850777879278347	0.17664949481747128
1.9510789935686303	-0.0662508940244555	0.17310679115945915
1.9570823135488415	-0.06403901986928995	0.16951609153018332
1.9630856335290525	-0.06187268732976192	0.16587853974564903
1.9690889535092637	-0.05975241262724018	0.1621952908069596
1.975092273489475	-0.05767869708964246	0.15846751049063235
1.9810955934696861	-0.05565202704723271	0.15469637493931776
1.9870989134498973	-0.05367287373641905	0.15088307025292025
1.9931022334301085	-0.05174169321142574	0.14702879208090525
1.9991055534103197	-0.0498589262637561	0.14313474521578418
2.005108873390531	-0.04802499834929286	0.13920214318839197
2.011112193370742	-0.04624031952276808	0.1352322078650201
2.0171155133509533	-0.044505284379592114	0.13122616904691164
2.0231188333311643	-0.042820272004615134	0.12718526407221642
2.0291221533113757	-0.04118564592781904	0.12311073742080858
2.0351254732915867	-0.03960175408645783	0.11900384032219469
2.0411287932717976	-0.03806892879373136	0.11486583036650455
2.047132113252009	-0.03658748671334766	0.11069797111907265
2.05313543323222	-0.035157728840074176	0.10650153173858745
2.0591387532124314	-0.033779940485663906	0.10227778659902043
2.0651420731926424	-0.032454391270194116	0.09802801491533908
2.071145393172854	-0.031181335118255826	0.09375350037332864
2.077148713153065	-0.029961010259909493	0.0894555307633117
2.083152033133276	-0.028793639236007862	0.0851353976181708
2.089155353113487	-0.02767942890763153	0.08079439585524606
2.095158673093698	-0.0266185704692955	0.07643382342261817
2.1011619930739096	-0.025611239465824776	0.07205498094928442
2.1071653130541206	-0.02465759581232374	0.06765917139959521
2.113168633034332	-0.02375778381724103	0.06324769973160949
2.119171953014543	-0.022911932208106833	0.05882187255940807
2.1251752729947544	-0.022120154159824046	0.05438299781918632
2.1311785929749654	-0.02138254732507916	0.04993238443916326
2.1371819129551763	-0.02069919386681973	0.04547134201301806
2.1431852329353878	-0.020070160492498546	0.04100118047676349
2.1491885529155987	-0.019495498489967344	0.036523209788789424
2.15519187289581	-0.01897524376463766	0.03203873961315307
2.161195192876021	-0.01850941687798191	0.027549079005610766
2.1671985128562326	-0.018098023087112947	0.02305553610240696
2.1732018328364435	-0.01774105238522794	0.018559417811421453
2.179205152816655	-0.017438479542990937	0.014062029505671703
2.185208472796866	-0.01719026415059355	0.009564674718699706
2.191211792777077	-0.01699635066047056	0.005068654841871023
2.1972151127572883	-0.016856668430711097	0.0005752688230925562
2.2032184327374993	-0.016771131768960945	-0.003914187133261304
2.2092217527177107	-0.016739639976967702	-0.008398419865113471
2.2152250726979217	-0.016762077395589436	-0.01287613955091238
2.221228392678133	-0.01683831345055886	-0.017346060007156883
2.227231712658344	-0.016968202698778412	-0.0218068989856387
2.233235032638555	-0.017151584875406356	-0.026257378470557424
2.2392383526187665	-0.017388284941682652	-0.030696224975778064
2.2452416725989774	-0.017678113133708373	-0.03512216984235694
2.251244992579189	-0.018020865012326137	-0.039533949536783686
2.2572483125594	-0.018416321513956335	-0.043930305949603454
2.2632516325396113	-0.018864249003022526	-0.048309986695345364
2.2692549525198222	-0.019364399325667137	-0.05267174541318076
2.2752582725000337	-0.01991650986531568	-0.057014342068984036
2.2812615924802446	-0.0205203035999848	-0.061336543258709963
2.2872649124604556	-0.02117548916168932	-0.06563712251305598
2.293268232440667	-0.021881760898336156	-0.06991486060397267
2.299271552420878	-0.022638798937857585	-0.0741685458525474
2.3052748724010894	-0.02344626925533788	-0.07839697443867721
2.3112781923813004	-0.024303823743079045	-0.08259895071242307
2.317281512361512	-0.02521110028382867	-0.08677328750714419
2.323284832341723	-0.02616772282769264	-0.09091880645431683
2.329288152321934	-0.027173301472547595	-0.09503433830000796
2.335291472302145	-0.028227432548696973	-0.09911872322311849
2.341294792282356	-0.029329698707546425	-0.10317081115504445
2.3472981122625676	-0.03047966901492971	-0.10718946210090097
2.3533014322427785	-0.03167689904899773	-0.11117354646208877
2.35930475222299	-0.03292093100318305	-0.11512194536005327
2.365308072203201	-0.03421129379418175	-0.1190335509610605
2.3713113921834124	-0.035547503175466844	-0.12290726680196828
2.3773147121636233	-0.03692906185627742	-0.12674200811650627
2.3833180321438343	-0.038355459626371324	-0.13053670216210533
2.3893213521240457	-0.03982617348676387	-0.1342902885468527
2.3953246721042567	-0.04134066778650569	-0.1380017195565001
2.401327992084468	-0.042898394365713854	-0.14166996048096325
2.407331312064679	-0.044498792705010226	-0.14529398994036924
2.4133346320448905	-0.046141290081314734	-0.14887280021001964
2.4193379520251015	-0.047825301730337944	-0.1524053975441672
2.425341272005313	-0.04955023101555667	-0.155890802498183
2.431344591985524	-0.05131546960396638	-0.15932805024882785
2.437347911965735	-0.05312039764843646	-0.16271619091206008
2.4433512319459463	-0.05496438397685832	-0.16605428985840276
2.4493545519261573	-0.05684678628788864	-0.1693414280251362
2.4553578719063687	-0.05876695135333487	-0.1725767022250998
2.4613611918865796	-0.060724215227256906	-0.17575922545175976
2.467364511866791	-0.06271790346135442	-0.17888812718008074
2.473367831847002	-0.06474733132690769	-0.1819625536628071
2.479371151827213	-0.06681180404289833	-0.18498166822191786
2.4853744718074244	-0.06891061701029799	-0.18794465153465978
2.4913777917876354	-0.0710430560522024	-0.1908507019139959
2.497381111767847	-0.07320839765984632	-0.1936990355829601
2.503384431748058	-0.07540590924411261	-0.19648888694262256
2.5093877517282692	-0.07763484939228205	-0.19921950883330314
2.51539107170848	-0.07989446813006518	-0.2018901727887371
2.5213943916886916	-0.08218400718812924	-0.20450016928266623
2.5273977116689026	-0.0845027002735349	-0.2070488079679219
2.5334010316491136	-0.08684977334512212	-0.20953541790730285
2.539404351629325	-0.08922444489301817	-0.21195934779617503
2.545407671609536	-0.09162592622168997	-0.21431996617651472
2.5514109915897474	-0.094053421736353	-0.21661666164210003
2.5574143115699584	-0.09650612923236801	-0.21884884303456575
2.5634176315501698	-0.09898324018723043	-0.22101593963029237
2.5694209515303807	-0.10148394005487582	-0.22311740131768248
2.575424271510592	-0.1040074085619887	-0.22515269876489963
2.581427591490803	-0.10655282000581523	-0.2271213235777374
2.587430911471014	-0.10911934355329994	-0.2290227884475362
2.5934342314512255	-0.11170614354107011	-0.23085662728907524
2.5994375514314365	-0.11431237977608122	-0.23262239536840534
2.605440871411648	-0.11693720783624317	-0.23431966942031185
2.611444191391859	-0.11957977937122066	-0.23594804775570866
2.6174475113720703	-0.12223924240247597	-0.23750715035858955
2.6234508313522813	-0.12491474162279359	-0.23899661897289193
2.6294541513324923	-0.1276054186945239	-0.24041611717896527
2.6354574713127037	-0.13031041254653175	-0.24176533045985693
2.6414607912929147	-0.13302885966941758	-0.24304396625749425
2.647464111273126	-0.13575989440879838	-0.24425175401870702
2.653467431253337	-0.1385026492564252	-0.24538844523139347
2.6594707512335485	-0.14125625513867213	-0.2464538134506442
2.6654740712137595	-0.14401984170254756	-0.24744765431528082
2.671477391193971	-0.1467925375986357	-0.24836978555474987
2.677480711174182	-0.14957347076100946	-0.24922004698659506
2.683484031154393	-0.1523617686838981	-0.24999830050465
2.6894873511346042	-0.15515655869480277	-0.250704430058201
2.695490671114815	-0.1579569682241494	-0.25133834162229063
2.7014939910950266	-0.16076212507125665	-0.25189996315935514
2.7074973110752376	-0.1635711576663892	-0.252389244572404
2.713500631055449	-0.16638319532910623	-0.25280615765003783
2.71950395103566	-0.16919736852252376	-0.2531506960035036
2.7255072710158714	-0.17201280910372446	-0.2534228749959227
2.7315105909960824	-0.174828650570038	-0.2536227316641645
2.7375139109762934	-0.17764402830147114	-0.25375032463340674
2.743517230956505	-0.18045807979900252	-0.2538057340247043
2.7495205509367158	-0.18326994491901366	-0.25378906135584917
2.755523870916927	-0.18607876610374702	-0.25370042943577065
2.761527190897138	-0.18888368860790755	-0.2535399822525846
2.7675305108773496	-0.1916838607215593	-0.2533078848558219
2.7735338308575606	-0.19447843398920794	-0.2530043232327216
2.7795371508377715	-0.19726656342542698	-0.25262950417919067
2.785540470817983	-0.20004740772694274	-0.2521836551653552
2.791543790798194	-0.20282012948137607	-0.25166702419615977
2.7975471107784053	-0.20558389537279004	-0.25107987966705764
2.8035504307586163	-0.20833787638420176	-0.25042251021512457
2.8095537507388277	-0.21108124799713324	-0.24969522456577853
2.8155570707190387	-0.21381319038841873	-0.2488983513752192
2.82156039069925	-0.21653288862443743	-0.2480322390688987
2.827563710679461	-0.21923953285288356	-0.24709725567608587
2.833567030659672	-0.22193231849231954	-0.2460937886607255
2.8395703506398835	-0.22461044641956296	-0.24502224474877343
2.8455736706200945	-0.227273123155235	-0.2438830497521619
2.851576990600306	-0.22991956104743233	-0.24267664838937147
2.857580310580517	-0.23254897845387923	-0.24140350410296807
2.8635836305607283	-0.2351605999226246	-0.2400640988740287
2.8695869505409393	-0.23775365637138457	-0.23865893303358043
2.8755902705211502	-0.240327385265788	-0.23718852507122934
2.8815935905013617	-0.24288103079660228	-0.23565341144091945
2.8875969104815726	-0.24541384405606503	-0.234054146364004
2.893600230461784	-0.24792508321343448	-0.23239130162953342
2.899603550441995	-0.2504140136899123	-0.23066546639197444
2.9056068704222064	-0.25287990833300067	-0.2288772469662705
2.9116101904024174	-0.2553220475903515	-0.22702726662022643
2.917613510382629	-0.2577397196832653	-0.2251161653643976
2.92361683036284	-0.2601322207797879	-0.2231445997392556
2.929620150343051	-0.2624988551675933	-0.22111324259986043
2.935623470323262	-0.26483893542645354	-0.2190227828977926
2.941626790303473	-0.2671517826006581	-0.21687392546055606
2.9476301102836846	-0.26943672637098737	-0.21466739076816277
2.9536334302638956	-0.27169310522656565	-0.2124039147271709
2.959636750244107	-0.2739202666363131	-0.21008424844180762
2.965640070224318	-0.27611756722019953	-0.207709157982493
2.9716433902045294	-0.2782843729199356	-0.20527942415132572
2.9776467101847404	-0.28042005916935087	-0.20279584224486086
2.9836500301649513	-0.2825240110641724	-0.20025922181391537
2.9896533501451628	-0.28459562353107776	-0.1976703864203314
2.9956566701253737	-0.2866343014961156	-0.1950301733907841
